1065 572 1207
1057 571 1208
1048 569 1209
1040 568 1210
1032 567 1211
1024 565 1212
1016 564 1213
1007 563 1214
998 562 1215
990 560 1216
981 559 1217
971 558 1218
962 557 1219
953 555 1220
943 554 1221
933 553 1222
923 552 1223
913 550 1224
903 549 1225
893 547 1226
883 546 1227
872 545 1228
862 543 1229
851 541 1230
840 540 1231
829 538 1232
819 537 1233
808 535 1234
797 534 1235
787 532 1236
776 530 1237
765 529 1238
755 528 1239
744 526 1240
733 524 1241
723 523 1242
714 522 1243
703 520 1244
692 519 1245
681 518 1246
671 516 1247
660 515 1248
649 513 1249
639 511 1250
629 509 1251
619 508 1252
608 506 1253
598 505 1254
588 504 1255
577 502 1256
567 501 1257
556 499 1258
545 497 1259
536 496 1260
526 494 1261
515 494 1262
505 492 1263
495 492 1264
484 490 1265
474 489 1266
462 488 1267
452 486 1268
442 484 1269
433 483 1270
423 482 1271
413 480 1272
403 479 1273
394 478 1274
383 476 1275
374 475 1276
364 474 1277
355 473 1278
344 472 1279
335 470 1280
326 469 1281
317 468 1282
307 467 1283
298 466 1284
288 465 1285
280 465 1286
270 464 1287
261 463 1288
252 462 1289
244 461 1290
235 461 1291
226 460 1292
217 459 1293
209 458 1294
200 457 1295
192 457 1296
183 456 1297
176 455 1298
167 455 1299
160 454 1300
151 453 1301
145 453 1302
136 453 1303
131 452 1304
123 452 1305
118 452 1306
110 452 1307
106 453 1308
99 453 1309
95 453 1310
89 453 1311
85 454 1312
80 454 1313
78 456 1314
71 456 1315
70 458 1316
66 458 1317
64 460 1318
60 461 1319
59 462 1320
55 464 1321
55 465 1322
53 467 1323
53 469 1324
50 471 1325
50 473 1326
49 475 1327
50 477 1328
48 480 1329
49 482 1330
48 484 1331
50 487 1332
48 488 1333
49 491 1334
47 492 1335
49 494 1336
47 496 1337
48 498 1338
47 499 1339
47 501 1340
45 503 1341
46 505 1342
44 506 1343
45 508 1344
43 510 1345
44 511 1346
41 512 1347
42 514 1348
40 516 1349
41 517 1350
38 518 1351
39 520 1352
36 521 1353
37 522 1354
35 524 1355
36 524 1356
33 525 1357
34 527 1358
32 528 1359
32 529 1360
30 530 1361
30 531 1362
27 532 1363
27 533 1364
25 534 1365
24 535 1366
22 536 1367
20 537 1368
19 537 1369
19 538 1370
19 539 1371
19 540 1372
19 540 1373
19 541 1374
19 542 1375
19 542 1376
19 543 1377
19 543 1378
19 542 1379
19 540 1380
19 539 1381
19 539 1382
19 539 1383
944 622 2422
939 622 2423
934 621 2424
929 620 2425
924 620 2426
919 619 2427
914 619 2428
909 617 2429
904 617 2430
899 616 2431
894 616 2432
889 615 2433
884 614 2434
879 614 2435
874 613 2436
868 612 2437
863 611 2438
858 611 2439
853 610 2440
847 609 2441
843 608 2442
837 608 2443
832 607 2444
827 606 2445
821 605 2446
816 604 2447
811 604 2448
805 603 2449
800 602 2450
795 601 2451
790 601 2452
784 600 2453
779 599 2454
774 598 2455
768 597 2456
762 596 2457
756 595 2458
749 595 2459
742 594 2460
735 593 2461
727 592 2462
720 590 2463
713 589 2464
705 589 2465
696 588 2466
688 587 2467
680 586 2468
671 585 2469
663 584 2470
654 583 2471
646 582 2472
638 581 2473
629 579 2474
621 579 2475
613 577 2476
605 576 2477
597 575 2478
589 574 2479
581 573 2480
573 572 2481
565 571 2482
557 570 2483
549 568 2484
542 568 2485
533 567 2486
526 566 2487
518 565 2488
510 564 2489
502 563 2490
494 562 2491
486 561 2492
478 560 2493
470 560 2494
463 559 2495
455 558 2496
446 557 2497
438 556 2498
430 555 2499
423 555 2500
416 554 2501
408 553 2502
400 552 2503
392 552 2504
384 551 2505
376 550 2506
369 550 2507
361 549 2508
353 548 2509
345 548 2510
336 547 2511
328 547 2512
320 547 2513
312 546 2514
302 546 2515
294 546 2516
286 546 2517
277 546 2518
268 546 2519
259 546 2520
250 546 2521
243 546 2522
234 546 2523
226 546 2524
218 546 2525
210 546 2526
202 546 2527
194 546 2528
185 546 2529
177 546 2530
169 546 2531
161 546 2532
152 545 2533
144 545 2534
135 545 2535
127 545 2536
119 545 2537
110 544 2538
101 544 2539
93 544 2540
85 544 2541
76 544 2542
68 544 2543
59 543 2544
52 543 2545
43 543 2546
35 543 2547
26 543 2548
18 542 2549
16 543 2550
16 543 2551
16 541 2552
16 541 2553
16 541 2554
16 541 2555
16 541 2556
571 644 2822
574 640 2823
578 636 2824
581 632 2825
585 629 2826
589 625 2827
593 621 2828
597 617 2829
600 613 2830
603 610 2831
607 606 2832
610 602 2833
613 598 2834
616 595 2835
620 591 2836
623 587 2837
627 584 2838
629 580 2839
632 576 2840
635 573 2841
638 569 2842
641 565 2843
644 562 2844
647 559 2845
649 556 2846
652 553 2847
655 550 2848
657 547 2849
660 546 2850
663 544 2851
665 541 2852
664 534 2853
666 532 2854
669 532 2855
676 536 2856
679 536 2857
681 534 2858
684 534 2859
686 534 2860
688 534 2861
690 534 2862
691 534 2863
693 535 2864
694 535 2865
696 535 2866
697 536 2867
699 536 2868
700 537 2869
701 537 2870
702 538 2871
704 539 2872
705 539 2873
705 540 2874
706 542 2875
706 541 2876
707 543 2877
708 542 2878
708 544 2879
709 544 2880
708 545 2881
709 545 2882
709 546 2883
708 547 2884
709 547 2885
708 548 2886
708 549 2887
707 550 2888
707 551 2889
707 551 2890
706 553 2891
705 553 2892
704 554 2893
704 555 2894
702 555 2895
702 556 2896
700 557 2897
699 558 2898
698 558 2899
696 560 2900
695 561 2901
694 562 2902
692 562 2903
691 564 2904
689 565 2905
686 567 2906
685 568 2907
683 570 2908
681 570 2909
679 571 2910
678 572 2911
676 573 2912
674 574 2913
672 575 2914
670 576 2915
669 577 2916
667 578 2917
666 579 2918
664 580 2919
662 581 2920
660 582 2921
659 582 2922
657 583 2923
655 584 2924
654 586 2925
652 586 2926
651 587 2927
649 588 2928
649 589 2929
646 589 2930
645 591 2931
643 591 2932
642 592 2933
640 593 2934
639 594 2935
637 594 2936
636 595 2937
634 597 2938
633 597 2939
632 598 2940
630 599 2941
629 599 2942
627 600 2943
626 601 2944
625 602 2945
624 603 2946
622 603 2947
620 604 2948
620 605 2949
618 606 2950
617 607 2951
616 607 2952
614 608 2953
614 609 2954
611 609 2955
611 610 2956
610 611 2957
608 611 2958
607 612 2959
607 612 2960
605 613 2961
604 614 2962
603 614 2963
601 616 2964
601 616 2965
599 617 2966
598 617 2967
597 618 2968
596 619 2969
594 620 2970
593 620 2971
592 620 2972
591 621 2973
590 622 2974
589 622 2975
588 623 2976
587 624 2977
585 624 2978
584 624 2979
583 625 2980
582 626 2981
580 626 2982
579 626 2983
578 627 2984
577 628 2985
576 628 2986
574 629 2987
574 629 2988
572 629 2989
571 630 2990
570 630 2991
569 630 2992
568 632 2993
567 632 2994
565 632 2995
565 632 2996
564 632 2997
562 632 2998
561 632 2999
559 632 3000
558 632 3001
557 633 3002
556 633 3003
554 633 3004
553 633 3005
552 633 3006
551 633 3007
550 633 3008
549 633 3009
548 633 3010
547 633 3011
546 633 3012
545 633 3013
543 633 3014
542 633 3015
541 633 3016
539 633 3017
538 632 3018
537 632 3019
536 632 3020
534 632 3021
533 631 3022
532 631 3023
531 631 3024
529 630 3025
528 630 3026
526 629 3027
525 629 3028
524 629 3029
522 628 3030
521 628 3031
519 627 3032
518 627 3033
516 626 3034
515 626 3035
514 625 3036
513 624 3037
511 624 3038
510 623 3039
509 622 3040
508 622 3041
507 621 3042
507 621 3043
505 619 3044
506 619 3045
505 618 3046
504 617 3047
503 617 3048
503 616 3049
503 615 3050
504 615 3051
503 613 3052
503 612 3053
503 612 3054
503 611 3055
504 610 3056
505 610 3057
505 609 3058
505 608 3059
506 607 3060
507 607 3061
508 605 3062
509 605 3063
510 604 3064
510 603 3065
511 602 3066
512 602 3067
513 601 3068
514 601 3069
516 599 3070
517 599 3071
518 598 3072
519 597 3073
520 595 3074
521 595 3075
522 594 3076
522 593 3077
524 592 3078
524 591 3079
525 591 3080
526 589 3081
527 589 3082
528 587 3083
530 586 3084
531 585 3085
532 584 3086
532 583 3087
534 582 3088
534 580 3089
535 579 3090
536 579 3091
537 577 3092
538 576 3093
539 575 3094
540 574 3095
541 572 3096
542 572 3097
543 570 3098
544 568 3099
545 567 3100
546 566 3101
547 566 3102
548 564 3103
549 563 3104
550 562 3105
551 561 3106
552 559 3107
552 558 3108
553 557 3109
554 555 3110
555 554 3111
556 553 3112
557 551 3113
558 550 3114
558 548 3115
559 548 3116
560 546 3117
560 545 3118
561 543 3119
562 542 3120
563 540 3121
563 539 3122
563 537 3123
563 536 3124
564 534 3125
564 533 3126
564 531 3127
564 530 3128
565 528 3129
565 527 3130
565 525 3131
565 524 3132
566 522 3133
566 520 3134
566 518 3135
567 517 3136
567 515 3137
568 514 3138
568 511 3139
569 510 3140
570 508 3141
571 506 3142
571 505 3143
572 503 3144
572 500 3145
573 499 3146
575 498 3147
576 495 3148
575 493 3149
576 491 3150
578 490 3151
579 488 3152
580 487 3153
581 484 3154
583 483 3155
584 481 3156
585 479 3157
586 477 3158
589 475 3159
590 473 3160
591 471 3161
593 469 3162
594 467 3163
596 465 3164
597 463 3165
598 461 3166
600 459 3167
602 457 3168
603 454 3169
605 452 3170
607 450 3171
608 448 3172
610 446 3173
611 444 3174
613 442 3175
615 439 3176
617 437 3177
619 435 3178
620 432 3179
622 430 3180
624 428 3181
626 426 3182
628 423 3183
629 421 3184
631 418 3185
633 415 3186
635 413 3187
637 411 3188
638 409 3189
640 406 3190
641 403 3191
643 401 3192
645 398 3193
646 396 3194
648 393 3195
650 390 3196
652 387 3197
654 384 3198
655 382 3199
657 379 3200
659 376 3201
661 373 3202
662 370 3203
664 367 3204
665 364 3205
666 361 3206
668 358 3207
669 355 3208
669 351 3209
670 348 3210
671 345 3211
672 341 3212
672 338 3213
672 334 3214
672 330 3215
672 327 3216
673 322 3217
673 319 3218
673 314 3219
673 311 3220
672 306 3221
672 302 3222
672 298 3223
672 294 3224
672 289 3225
672 284 3226
671 279 3227
671 275 3228
671 270 3229
671 265 3230
671 260 3231
670 255 3232
670 250 3233
670 245 3234
669 239 3235
669 234 3236
668 229 3237
668 224 3238
668 217 3239
667 211 3240
667 205 3241
666 199 3242
665 193 3243
664 187 3244
663 180 3245
662 174 3246
660 167 3247
658 162 3248
656 155 3249
653 150 3250
651 144 3251
648 138 3252
644 132 3253
641 126 3254
637 119 3255
632 115 3256
628 107 3257
623 103 3258
618 96 3259
612 91 3260
607 84 3261
601 80 3262
595 74 3263
588 69 3264
581 63 3265
574 59 3266
567 53 3267
559 49 3268
551 45 3269
543 42 3270
535 38 3271
526 34 3272
517 29 3273
508 27 3274
498 22 3275
489 20 3276
480 20 3277
470 20 3278
460 20 3279
452 20 3280
441 20 3281
432 20 3282
421 20 3283
413 20 3284
413 20 3285
99 55 3345
103 62 3346
105 69 3347
109 77 3348
112 83 3349
116 91 3350
119 98 3351
123 106 3352
126 112 3353
131 121 3354
135 128 3355
140 136 3356
144 142 3357
149 150 3358
152 157 3359
157 165 3360
160 172 3361
165 179 3362
168 185 3363
174 192 3364
177 198 3365
182 205 3366
184 211 3367
189 218 3368
193 223 3369
197 229 3370
201 235 3371
204 240 3372
208 246 3373
211 250 3374
214 256 3375
217 261 3376
221 266 3377
224 271 3378
227 276 3379
230 281 3380
233 285 3381
236 290 3382
240 294 3383
242 299 3384
245 303 3385
248 307 3386
251 312 3387
253 316 3388
256 320 3389
259 324 3390
261 328 3391
265 332 3392
267 336 3393
269 340 3394
272 344 3395
273 347 3396
276 351 3397
278 355 3398
280 359 3399
283 362 3400
284 365 3401
287 369 3402
289 372 3403
291 375 3404
292 379 3405
295 382 3406
297 385 3407
298 388 3408
301 391 3409
303 394 3410
305 397 3411
306 400 3412
308 404 3413
310 406 3414
312 409 3415
313 412 3416
315 414 3417
318 417 3418
319 420 3419
320 422 3420
321 426 3421
323 428 3422
325 431 3423
327 434 3424
329 436 3425
330 439 3426
332 441 3427
333 443 3428
334 445 3429
336 448 3430
337 450 3431
339 452 3432
340 455 3433
342 457 3434
344 460 3435
346 463 3436
347 464 3437
348 466 3438
349 468 3439
351 470 3440
352 472 3441
354 475 3442
354 476 3443
356 478 3444
358 480 3445
359 482 3446
360 484 3447
361 486 3448
362 488 3449
363 490 3450
364 491 3451
365 493 3452
368 494 3453
368 497 3454
370 498 3455
371 500 3456
372 501 3457
374 503 3458
375 505 3459
376 506 3460
377 508 3461
378 509 3462
379 511 3463
379 513 3464
381 514 3465
382 516 3466
383 517 3467
384 519 3468
386 520 3469
387 522 3470
387 523 3471
388 525 3472
388 526 3473
390 528 3474
391 529 3475
391 530 3476
393 532 3477
393 534 3478
395 535 3479
395 536 3480
396 538 3481
397 539 3482
399 540 3483
399 542 3484
401 543 3485
401 545 3486
402 545 3487
403 547 3488
404 548 3489
405 550 3490
406 551 3491
406 552 3492
407 554 3493
408 555 3494
409 556 3495
410 558 3496
410 559 3497
412 560 3498
412 562 3499
413 562 3500
414 564 3501
415 565 3502
415 566 3503
415 567 3504
417 568 3505
417 569 3506
418 570 3507
419 572 3508
420 573 3509
420 574 3510
421 575 3511
422 576 3512
423 577 3513
423 578 3514
424 579 3515
425 581 3516
425 581 3517
426 582 3518
426 583 3519
427 584 3520
427 586 3521
428 587 3522
429 588 3523
430 588 3524
430 589 3525
431 591 3526
431 591 3527
432 592 3528
432 593 3529
433 594 3530
433 595 3531
433 596 3532
434 597 3533
434 598 3534
434 599 3535
435 600 3536
434 601 3537
435 602 3538
435 603 3539
435 604 3540
435 605 3541
435 605 3542
436 607 3543
436 607 3544
436 608 3545
436 609 3546
436 610 3547
437 611 3548
437 612 3549
437 612 3550
437 614 3551
438 615 3552
438 615 3553
438 616 3554
439 617 3555
439 618 3556
439 618 3557
440 619 3558
440 620 3559
440 621 3560
441 622 3561
442 622 3562
442 623 3563
442 624 3564
443 625 3565
443 625 3566
444 626 3567
445 627 3568
446 627 3569
446 627 3570
448 629 3571
449 630 3572
450 630 3573
452 631 3574
453 632 3575
454 632 3576
456 634 3577
457 634 3578
459 634 3579
461 635 3580
463 635 3581
465 636 3582
467 637 3583
469 638 3584
471 638 3585
474 640 3586
476 640 3587
479 641 3588
481 641 3589
484 641 3590
486 643 3591
490 643 3592
492 644 3593
495 645 3594
498 645 3595
501 645 3596
504 646 3597
507 647 3598
510 647 3599
513 648 3600
517 648 3601
520 649 3602
523 649 3603
527 650 3604
529 650 3605
533 652 3606
537 652 3607
539 652 3608
543 653 3609
547 653 3610
550 654 3611
554 654 3612
556 655 3613
560 656 3614
563 656 3615
566 657 3616
569 657 3617
572 658 3618
575 658 3619
578 658 3620
581 659 3621
584 659 3622
587 660 3623
591 660 3624
594 661 3625
597 661 3626
600 661 3627
603 661 3628
606 662 3629
609 662 3630
612 662 3631
615 662 3632
619 662 3633
622 662 3634
625 663 3635
629 663 3636
632 663 3637
635 664 3638
638 664 3639
642 664 3640
645 664 3641
649 665 3642
652 665 3643
655 665 3644
659 665 3645
662 666 3646
665 665 3647
669 665 3648
672 666 3649
674 665 3650
678 666 3651
681 666 3652
684 666 3653
687 666 3654
690 667 3655
693 667 3656
696 668 3657
699 668 3658
702 667 3659
705 667 3660
708 667 3661
710 667 3662
713 667 3663
716 667 3664
719 667 3665
722 667 3666
724 667 3667
727 668 3668
730 667 3669
488 622 3982
485 622 3983
482 621 3984
479 620 3985
474 620 3986
471 620 3987
468 620 3988
465 619 3989
461 618 3990
458 618 3991
455 617 3992
451 617 3993
447 616 3994
444 615 3995
440 614 3996
437 614 3997
433 613 3998
430 613 3999
426 611 4000
422 610 4001
419 610 4002
415 609 4003
411 608 4004
407 607 4005
404 607 4006
400 606 4007
396 605 4008
393 604 4009
389 603 4010
385 602 4011
381 601 4012
377 600 4013
373 599 4014
370 598 4015
366 597 4016
361 597 4017
357 596 4018
353 594 4019
349 593 4020
345 593 4021
340 592 4022
336 591 4023
332 590 4024
329 589 4025
325 588 4026
320 587 4027
316 587 4028
312 585 4029
307 584 4030
303 584 4031
298 583 4032
294 583 4033
290 583 4034
285 582 4035
280 580 4036
275 580 4037
271 579 4038
266 579 4039
261 578 4040
256 577 4041
252 576 4042
248 575 4043
243 574 4044
237 572 4045
233 572 4046
228 571 4047
224 569 4048
219 568 4049
214 566 4050
210 566 4051
206 564 4052
200 563 4053
196 562 4054
191 561 4055
188 559 4056
183 558 4057
179 556 4058
175 555 4059
170 554 4060
166 553 4061
162 551 4062
158 550 4063
154 548 4064
150 547 4065
148 545 4066
142 544 4067
138 543 4068
135 542 4069
131 540 4070
127 539 4071
123 539 4072
118 536 4073
116 535 4074
112 534 4075
108 533 4076
103 531 4077
100 530 4078
96 529 4079
93 527 4080
89 526 4081
86 524 4082
83 523 4083
80 521 4084
77 520 4085
75 519 4086
72 518 4087
71 517 4088
68 516 4089
66 515 4090
65 514 4091
63 512 4092
62 512 4093
61 511 4094
59 509 4095
58 508 4096
58 507 4097
57 507 4098
57 507 4099
56 505 4100
56 504 4101
56 503 4102
57 503 4103
57 502 4104
57 501 4105
59 501 4106
59 500 4107
61 499 4108
60 498 4109
62 498 4110
62 497 4111
64 496 4112
65 496 4113
68 495 4114
68 495 4115
72 494 4116
72 493 4117
76 493 4118
78 493 4119
82 491 4120
84 492 4121
89 492 4122
92 491 4123
96 491 4124
99 491 4125
104 490 4126
107 490 4127
113 491 4128
116 490 4129
121 490 4130
125 490 4131
132 490 4132
136 490 4133
142 490 4134
147 490 4135
154 490 4136
158 491 4137
165 491 4138
170 491 4139
177 491 4140
182 491 4141
188 491 4142
195 492 4143
201 492 4144
207 493 4145
212 493 4146
218 493 4147
226 493 4148
230 493 4149
237 494 4150
242 494 4151
249 494 4152
254 494 4153
262 494 4154
266 494 4155
273 495 4156
278 495 4157
285 495 4158
290 495 4159
297 495 4160
302 495 4161
309 496 4162
314 496 4163
321 496 4164
326 496 4165
333 497 4166
339 497 4167
345 497 4168
352 498 4169
358 498 4170
364 498 4171
370 498 4172
376 498 4173
383 499 4174
389 499 4175
395 499 4176
401 500 4177
407 500 4178
414 500 4179
419 501 4180
426 501 4181
432 501 4182
438 502 4183
444 502 4184
450 503 4185
456 503 4186
462 503 4187
469 504 4188
474 504 4189
481 505 4190
487 505 4191
494 506 4192
500 506 4193
506 506 4194
512 506 4195
518 507 4196
524 508 4197
530 508 4198
536 508 4199
542 509 4200
548 509 4201
554 509 4202
560 510 4203
566 510 4204
572 511 4205
578 511 4206
584 512 4207
590 512 4208
596 512 4209
601 512 4210
608 513 4211
613 514 4212
620 514 4213
626 514 4214
631 514 4215
638 515 4216
643 515 4217
649 515 4218
655 515 4219
661 516 4220
666 516 4221
672 516 4222
678 517 4223
683 517 4224
689 517 4225
695 517 4226
700 518 4227
706 518 4228
711 518 4229
716 518 4230
722 519 4231
727 519 4232
733 520 4233
738 520 4234
743 519 4235
748 520 4236
754 520 4237
759 520 4238
764 520 4239
770 521 4240
776 521 4241
781 522 4242
787 522 4243
792 522 4244
799 522 4245
805 522 4246
810 522 4247
817 523 4248
823 523 4249
829 523 4250
835 523 4251
841 523 4252
847 523 4253
853 523 4254
858 522 4255
864 523 4256
871 522 4257
877 522 4258
882 522 4259
888 522 4260
895 522 4261
900 522 4262
906 522 4263
912 522 4264
918 521 4265
923 521 4266
929 520 4267
935 520 4268
940 519 4269
946 518 4270
951 518 4271
957 518 4272
962 517 4273
968 516 4274
972 516 4275
978 515 4276
983 515 4277
988 514 4278
995 514 4279
1000 512 4280
1005 511 4281
1009 510 4282
1013 509 4283
1018 508 4284
1023 507 4285
1028 506 4286
1032 505 4287
1036 504 4288
1040 502 4289
1045 501 4290
1049 500 4291
1052 499 4292
1056 498 4293
1060 497 4294
1063 495 4295
1067 494 4296
1070 493 4297
1073 491 4298
1076 490 4299
1079 489 4300
1082 487 4301
1085 486 4302
1088 485 4303
1090 484 4304
1093 482 4305
1095 481 4306
1098 479 4307
1100 479 4308
1103 477 4309
1105 476 4310
1107 474 4311
1110 473 4312
1113 471 4313
1115 470 4314
1117 468 4315
1119 467 4316
1122 466 4317
1124 464 4318
1126 463 4319
1128 461 4320
1131 460 4321
1134 458 4322
1137 457 4323
1138 456 4324
1140 454 4325
1143 453 4326
1144 450 4327
1146 449 4328
1148 448 4329
1149 447 4330
1151 445 4331
1152 443 4332
1152 441 4333
1154 441 4334
1155 438 4335
1156 437 4336
1156 436 4337
1157 435 4338
1157 433 4339
1157 432 4340
1157 431 4341
1157 430 4342
1157 428 4343
1156 427 4344
1156 425 4345
1154 424 4346
1154 423 4347
1153 422 4348
1151 421 4349
1149 420 4350
1148 418 4351
1147 417 4352
1145 416 4353
1143 415 4354
1141 414 4355
1138 413 4356
1136 411 4357
1133 411 4358
1131 410 4359
1127 409 4360
1125 407 4361
1121 407 4362
1117 406 4363
1114 405 4364
1110 404 4365
1106 403 4366
1101 403 4367
1098 401 4368
1094 401 4369
1089 400 4370
1085 400 4371
1081 399 4372
1076 398 4373
1071 397 4374
1066 398 4375
1061 397 4376
1055 396 4377
1051 395 4378
1047 394 4379
1042 393 4380
1037 392 4381
1032 392 4382
1027 391 4383
1022 391 4384
1018 389 4385
1012 389 4386
1007 387 4387
1003 386 4388
998 386 4389
992 385 4390
988 384 4391
983 383 4392
978 383 4393
973 382 4394
968 381 4395
963 380 4396
958 379 4397
953 378 4398
948 378 4399
944 377 4400
939 377 4401
934 375 4402
929 375 4403
924 374 4404
919 373 4405
915 372 4406
910 372 4407
905 371 4408
900 370 4409
895 370 4410
890 369 4411
885 368 4412
881 367 4413
876 367 4414
872 366 4415
866 365 4416
862 365 4417
857 365 4418
852 364 4419
847 364 4420
842 363 4421
837 362 4422
832 361 4423
827 361 4424
821 360 4425
816 360 4426
811 359 4427
805 358 4428
801 357 4429
795 357 4430
790 356 4431
785 356 4432
780 354 4433
775 355 4434
769 353 4435
763 353 4436
759 352 4437
754 352 4438
748 351 4439
743 351 4440
738 349 4441
733 350 4442
727 349 4443
722 348 4444
717 347 4445
712 347 4446
707 346 4447
701 346 4448
696 345 4449
691 344 4450
686 344 4451
681 344 4452
675 342 4453
669 342 4454
664 341 4455
658 341 4456
653 340 4457
648 340 4458
642 339 4459
637 339 4460
631 338 4461
626 339 4462
620 337 4463
615 338 4464
609 337 4465
603 337 4466
598 336 4467
592 336 4468
586 336 4469
581 336 4470
575 335 4471
570 335 4472
564 334 4473
559 335 4474
553 334 4475
548 334 4476
542 333 4477
536 334 4478
531 333 4479
526 333 4480
520 333 4481
515 333 4482
508 332 4483
503 333 4484
497 333 4485
492 333 4486
487 332 4487
480 332 4488
475 332 4489
470 332 4490
464 330 4491
459 330 4492
452 330 4493
446 330 4494
441 329 4495
436 329 4496
430 328 4497
425 328 4498
419 327 4499
414 328 4500
408 326 4501
402 326 4502
396 326 4503
391 326 4504
384 325 4505
379 325 4506
372 324 4507
367 324 4508
360 323 4509
354 322 4510
346 321 4511
341 320 4512
334 319 4513
329 318 4514
322 317 4515
317 316 4516
311 314 4517
306 313 4518
300 311 4519
295 310 4520
289 307 4521
284 306 4522
278 304 4523
274 303 4524
268 300 4525
264 299 4526
258 296 4527
254 294 4528
249 291 4529
244 289 4530
240 286 4531
235 284 4532
230 280 4533
224 277 4534
219 274 4535
216 271 4536
210 267 4537
205 263 4538
200 259 4539
195 255 4540
191 251 4541
186 247 4542
181 243 4543
177 238 4544
172 234 4545
167 229 4546
163 224 4547
159 219 4548
155 214 4549
151 209 4550
147 203 4551
144 198 4552
141 193 4553
138 187 4554
135 182 4555
133 176 4556
131 171 4557
130 165 4558
129 160 4559
128 155 4560
127 150 4561
127 145 4562
127 140 4563
128 135 4564
128 131 4565
129 127 4566
131 123 4567
133 118 4568
135 114 4569
136 110 4570
140 107 4571
142 102 4572
146 99 4573
149 95 4574
154 91 4575
158 88 4576
163 84 4577
168 81 4578
173 78 4579
179 75 4580
186 72 4581
192 70 4582
199 67 4583
206 64 4584
214 62 4585
222 60 4586
230 57 4587
239 56 4588
247 53 4589
257 53 4590
267 51 4591
277 50 4592
288 50 4593
298 49 4594
309 48 4595
320 48 4596
332 48 4597
344 48 4598
356 49 4599
369 49 4600
381 49 4601
394 50 4602
408 52 4603
421 53 4604
434 54 4605
448 56 4606
462 58 4607
476 59 4608
489 61 4609
504 62 4610
517 64 4611
531 65 4612
545 67 4613
559 69 4614
573 70 4615
587 72 4616
600 73 4617
614 74 4618
627 76 4619
641 77 4620
655 78 4621
668 80 4622
683 81 4623
695 81 4624
708 82 4625
721 83 4626
735 84 4627
748 85 4628
761 86 4629
774 88 4630
787 89 4631
800 89 4632
813 90 4633
826 91 4634
838 92 4635
851 93 4636
863 94 4637
876 94 4638
888 96 4639
900 97 4640
913 98 4641
924 99 4642
936 100 4643
948 101 4644
959 102 4645
971 103 4646
982 104 4647
994 105 4648
1005 106 4649
1016 107 4650
1028 107 4651
1039 108 4652
1050 109 4653
1061 111 4654
1072 113 4655
1083 114 4656
1094 115 4657
1105 116 4658
1116 118 4659
1127 119 4660
1138 122 4661
1149 123 4662
1160 124 4663
1170 125 4664
1181 125 4665
1191 127 4666
1202 128 4667
1212 130 4668
1222 131 4669
1233 132 4670
1243 133 4671
1252 135 4672
1263 135 4673
1272 137 4674
1281 138 4675
1291 140 4676
1300 141 4677
1309 142 4678
1318 144 4679
1327 145 4680
1336 146 4681
1345 148 4682
1353 149 4683
1362 151 4684
1370 153 4685
1378 154 4686
1387 155 4687
1395 157 4688
1403 158 4689
1411 159 4690
1419 161 4691
1424 162 4692
1424 165 4693
1424 166 4694
1424 168 4695
1424 168 4696
1424 168 4697
846 90 5273
847 87 5274
847 84 5275
847 80 5276
848 78 5277
848 75 5278
848 71 5279
848 68 5280
847 65 5281
847 62 5282
846 59 5283
846 55 5284
845 52 5285
844 49 5286
843 45 5287
842 42 5288
840 38 5289
839 35 5290
837 31 5291
836 28 5292
834 25 5293
833 22 5294
832 20 5295
830 20 5296
828 20 5297
827 20 5298
825 20 5299
824 20 5300
823 20 5301
821 20 5302
819 20 5303
819 20 5304
559 515 6157
555 516 6158
552 515 6159
549 515 6160
545 515 6161
542 514 6162
539 514 6163
535 515 6164
532 515 6165
529 515 6166
525 515 6167
522 515 6168
518 516 6169
515 516 6170
511 515 6171
507 516 6172
503 516 6173
500 516 6174
496 516 6175
493 516 6176
489 516 6177
486 517 6178
482 517 6179
477 518 6180
474 518 6181
470 518 6182
466 519 6183
462 519 6184
458 519 6185
454 519 6186
450 520 6187
446 520 6188
441 520 6189
437 520 6190
433 521 6191
429 521 6192
424 520 6193
420 521 6194
415 522 6195
411 522 6196
406 522 6197
402 523 6198
397 523 6199
392 523 6200
388 523 6201
383 524 6202
378 524 6203
373 525 6204
368 526 6205
363 525 6206
359 525 6207
353 525 6208
348 527 6209
343 527 6210
337 527 6211
332 528 6212
327 528 6213
322 528 6214
317 529 6215
311 529 6216
305 530 6217
300 530 6218
294 531 6219
288 531 6220
282 532 6221
277 532 6222
270 532 6223
265 533 6224
259 533 6225
252 534 6226
246 534 6227
240 535 6228
234 535 6229
227 536 6230
221 536 6231
214 537 6232
208 537 6233
202 538 6234
194 539 6235
187 539 6236
180 540 6237
174 540 6238
165 541 6239
159 541 6240
151 542 6241
143 542 6242
136 543 6243
128 544 6244
120 544 6245
112 545 6246
104 546 6247
96 546 6248
88 547 6249
79 548 6250
71 549 6251
62 549 6252
54 550 6253
45 551 6254
36 552 6255
26 553 6256
16 554 6257
16 555 6258
16 555 6259
120 524 6433
131 525 6434
142 525 6435
152 525 6436
162 526 6437
173 526 6438
183 527 6439
193 528 6440
204 528 6441
214 529 6442
225 530 6443
234 530 6444
244 531 6445
253 531 6446
263 532 6447
273 533 6448
283 533 6449
292 534 6450
302 535 6451
311 535 6452
320 536 6453
330 537 6454
339 539 6455
348 541 6456
358 542 6457
366 544 6458
375 546 6459
384 548 6460
393 549 6461
401 551 6462
409 553 6463
417 554 6464
426 557 6465
434 559 6466
442 561 6467
450 563 6468
458 565 6469
466 567 6470
474 570 6471
481 573 6472
489 575 6473
496 578 6474
503 580 6475
510 582 6476
517 585 6477
524 587 6478
531 590 6479
537 592 6480
543 595 6481
550 598 6482
556 601 6483
562 603 6484
568 606 6485
574 609 6486
579 611 6487
584 613 6488
590 617 6489
595 619 6490
600 622 6491
606 624 6492
611 626 6493
616 629 6494
621 631 6495
626 633 6496
630 635 6497
635 637 6498
639 639 6499
644 641 6500
649 643 6501
653 644 6502
657 646 6503
662 648 6504
666 649 6505
670 650 6506
675 653 6507
678 654 6508
683 656 6509
686 657 6510
690 660 6511
693 661 6512
698 662 6513
701 664 6514
704 666 6515
708 667 6516
712 669 6517
714 671 6518
718 672 6519
721 673 6520
724 674 6521
727 675 6522
730 677 6523
733 678 6524
737 679 6525
739 680 6526
273 716 6874
272 715 6875
273 714 6876
274 714 6877
275 714 6878
276 714 6879
277 714 6880
278 714 6881
279 714 6882
280 714 6883
282 714 6884
283 714 6885
285 714 6886
287 714 6887
289 714 6888
291 714 6889
294 714 6890
296 714 6891
298 714 6892
301 714 6893
304 714 6894
307 714 6895
310 714 6896
314 715 6897
317 715 6898
320 715 6899
323 715 6900
328 716 6901
332 716 6902
336 716 6903
339 716 6904
343 717 6905
347 717 6906
352 717 6907
357 718 6908
362 718 6909
366 718 6910
371 719 6911
375 719 6912
380 720 6913
386 720 6914
391 721 6915
395 722 6916
401 722 6917
406 723 6918
410 722 6919
410 722 6920
410 722 6921
410 722 6922
410 722 6923
410 722 6924
410 722 6925
784 607 7018
787 604 7019
789 601 7020
792 597 7021
794 594 7022
796 591 7023
798 588 7024
801 585 7025
803 581 7026
805 578 7027
807 574 7028
809 572 7029
811 569 7030
813 566 7031
815 562 7032
817 559 7033
819 555 7034
820 552 7035
822 549 7036
823 546 7037
825 542 7038
826 539 7039
828 535 7040
828 532 7041
828 529 7042
830 525 7043
829 522 7044
830 518 7045
829 515 7046
829 511 7047
829 508 7048
828 505 7049
827 501 7050
827 498 7051
826 495 7052
824 491 7053
822 488 7054
821 484 7055
820 481 7056
818 478 7057
816 474 7058
814 471 7059
811 467 7060
809 464 7061
807 461 7062
804 457 7063
802 455 7064
799 451 7065
797 447 7066
794 444 7067
792 441 7068
788 438 7069
785 434 7070
783 431 7071
780 427 7072
777 424 7073
775 420 7074
772 418 7075
769 413 7076
766 410 7077
764 406 7078
761 403 7079
759 399 7080
756 395 7081
754 392 7082
751 388 7083
749 385 7084
747 382 7085
745 378 7086
742 375 7087
740 371 7088
738 367 7089
735 364 7090
733 360 7091
731 356 7092
729 353 7093
726 349 7094
724 346 7095
722 342 7096
720 339 7097
718 336 7098
716 332 7099
714 329 7100
712 325 7101
710 322 7102
708 318 7103
706 315 7104
704 311 7105
702 307 7106
701 303 7107
699 300 7108
697 297 7109
695 293 7110
694 290 7111
692 286 7112
690 283 7113
689 279 7114
687 276 7115
685 272 7116
684 269 7117
682 266 7118
681 263 7119
679 259 7120
678 255 7121
677 251 7122
675 248 7123
674 244 7124
673 241 7125
672 238 7126
670 234 7127
670 231 7128
668 228 7129
667 225 7130
666 220 7131
665 217 7132
664 214 7133
663 212 7134
661 208 7135
661 206 7136
660 204 7137
659 202 7138
658 199 7139
657 198 7140
656 195 7141
655 195 7142
654 192 7143
653 191 7144
652 189 7145
651 189 7146
650 187 7147
650 188 7148
649 186 7149
649 186 7150
648 185 7151
647 185 7152
646 184 7153
646 185 7154
645 184 7155
645 186 7156
644 185 7157
643 187 7158
643 187 7159
642 190 7160
641 190 7161
641 193 7162
640 193 7163
640 196 7164
640 197 7165
638 201 7166
638 203 7167
638 205 7168
638 207 7169
637 209 7170
638 211 7171
637 214 7172
636 216 7173
636 219 7174
636 221 7175
636 224 7176
635 226 7177
637 229 7178
636 231 7179
636 234 7180
636 236 7181
636 238 7182
636 240 7183
636 243 7184
636 244 7185
636 247 7186
636 249 7187
636 252 7188
636 254 7189
636 256 7190
635 258 7191
635 261 7192
636 262 7193
636 265 7194
636 266 7195
635 268 7196
635 270 7197
635 273 7198
635 274 7199
635 277 7200
635 278 7201
635 280 7202
636 282 7203
636 285 7204
635 286 7205
635 289 7206
635 291 7207
635 293 7208
635 295 7209
635 297 7210
634 299 7211
635 302 7212
634 303 7213
634 306 7214
633 309 7215
633 311 7216
633 313 7217
632 315 7218
632 318 7219
632 320 7220
631 322 7221
631 324 7222
631 326 7223
631 329 7224
630 331 7225
630 333 7226
630 335 7227
630 338 7228
630 339 7229
630 342 7230
630 343 7231
630 346 7232
630 348 7233
630 351 7234
630 352 7235
630 354 7236
630 357 7237
630 358 7238
630 361 7239
630 362 7240
630 365 7241
630 367 7242
630 369 7243
630 372 7244
631 374 7245
631 375 7246
631 378 7247
631 380 7248
631 382 7249
631 385 7250
631 387 7251
631 389 7252
632 391 7253
631 394 7254
631 396 7255
631 398 7256
631 400 7257
632 403 7258
632 405 7259
632 408 7260
632 409 7261
632 411 7262
631 414 7263
631 416 7264
631 419 7265
631 421 7266
631 423 7267
630 425 7268
631 428 7269
630 430 7270
630 432 7271
630 435 7272
629 437 7273
629 439 7274
629 441 7275
629 444 7276
628 446 7277
628 448 7278
628 450 7279
628 452 7280
628 455 7281
628 457 7282
627 459 7283
627 462 7284
627 464 7285
627 466 7286
627 468 7287
627 470 7288
627 472 7289
626 474 7290
626 476 7291
626 478 7292
626 481 7293
626 483 7294
626 486 7295
626 488 7296
626 490 7297
626 492 7298
624 495 7299
624 497 7300
624 500 7301
624 501 7302
623 504 7303
623 506 7304
622 507 7305
622 511 7306
621 512 7307
620 514 7308
620 517 7309
619 519 7310
618 521 7311
617 524 7312
617 526 7313
615 528 7314
614 530 7315
613 532 7316
611 534 7317
610 536 7318
609 539 7319
607 540 7320
606 543 7321
605 545 7322
603 547 7323
601 549 7324
599 551 7325
598 553 7326
596 555 7327
594 556 7328
592 558 7329
590 559 7330
587 562 7331
584 564 7332
582 566 7333
579 567 7334
576 568 7335
573 570 7336
571 572 7337
568 573 7338
565 575 7339
562 576 7340
559 578 7341
556 580 7342
553 581 7343
550 584 7344
547 584 7345
544 586 7346
540 587 7347
537 589 7348
534 590 7349
531 592 7350
529 593 7351
525 595 7352
523 596 7353
520 597 7354
517 598 7355
514 601 7356
511 601 7357
508 603 7358
505 604 7359
502 605 7360
498 606 7361
494 607 7362
490 609 7363
486 610 7364
482 612 7365
477 613 7366
473 614 7367
469 615 7368
464 617 7369
459 618 7370
454 620 7371
448 622 7372
443 623 7373
438 624 7374
432 626 7375
426 627 7376
420 629 7377
414 631 7378
408 632 7379
403 633 7380
397 635 7381
391 636 7382
385 638 7383
379 639 7384
374 641 7385
368 642 7386
362 644 7387
356 645 7388
351 646 7389
345 648 7390
338 649 7391
333 650 7392
328 652 7393
322 652 7394
317 654 7395
311 655 7396
306 656 7397
300 657 7398
295 659 7399
290 660 7400
285 662 7401
279 663 7402
274 665 7403
269 666 7404
265 668 7405
260 669 7406
255 670 7407
250 672 7408
246 673 7409
241 675 7410
238 676 7411
233 677 7412
229 679 7413
225 681 7414
221 683 7415
218 685 7416
213 687 7417
209 689 7418
206 691 7419
201 692 7420
198 694 7421
194 696 7422
188 698 7423
184 700 7424
180 702 7425
174 704 7426
167 707 7427
163 708 7428
156 712 7429
150 714 7430
144 716 7431
136 719 7432
130 721 7433
123 724 7434
123 724 7435
123 724 7436
123 724 7437
123 724 7438
123 724 7439
123 724 7440
123 724 7441
123 724 7442
123 724 7443
123 724 7444
123 724 7445
1415 488 7747
1416 481 7748
1416 472 7749
1416 464 7750
1416 457 7751
1416 450 7752
1416 443 7753
1416 435 7754
1416 427 7755
1416 420 7756
1416 413 7757
1416 405 7758
1416 398 7759
1416 398 7760
1416 398 7761
1416 398 7762
1416 398 7763
1416 398 7764
1416 398 7765
1416 398 7766
1408 195 7788
1404 189 7789
1400 182 7790
1396 176 7791
1392 170 7792
1389 163 7793
1385 156 7794
1382 150 7795
1378 144 7796
1375 137 7797
1371 131 7798
1368 124 7799
1365 118 7800
1362 111 7801
1359 104 7802
1356 98 7803
1354 91 7804
1351 85 7805
1348 78 7806
1346 72 7807
1344 65 7808
1342 59 7809
1339 52 7810
1336 46 7811
1335 39 7812
1333 36 7813
1330 36 7814
1328 36 7815
1325 36 7816
1323 36 7817
1320 36 7818
1320 36 7819
1320 36 7820
1320 36 7821
888 39 8053
888 42 8054
887 45 8055
887 49 8056
886 52 8057
885 56 8058
885 59 8059
884 62 8060
883 65 8061
883 68 8062
883 71 8063
882 74 8064
882 77 8065
881 79 8066
880 83 8067
879 85 8068
878 88 8069
878 91 8070
877 93 8071
877 96 8072
876 99 8073
875 101 8074
875 103 8075
874 106 8076
874 109 8077
873 111 8078
872 114 8079
871 116 8080
870 118 8081
870 120 8082
869 122 8083
868 124 8084
868 127 8085
866 129 8086
866 131 8087
865 133 8088
864 134 8089
862 136 8090
861 138 8091
861 139 8092
859 141 8093
859 143 8094
857 144 8095
856 145 8096
854 147 8097
853 148 8098
851 149 8099
851 150 8100
849 152 8101
847 153 8102
846 154 8103
844 155 8104
842 156 8105
840 157 8106
839 158 8107
838 158 8108
836 159 8109
834 160 8110
833 160 8111
830 161 8112
829 162 8113
828 162 8114
826 162 8115
823 163 8116
821 163 8117
820 163 8118
818 164 8119
815 164 8120
813 164 8121
811 164 8122
808 164 8123
807 164 8124
803 164 8125
802 164 8126
800 163 8127
797 163 8128
794 163 8129
792 162 8130
789 162 8131
786 162 8132
784 161 8133
781 160 8134
778 160 8135
775 158 8136
772 158 8137
769 157 8138
766 156 8139
763 155 8140
759 155 8141
756 154 8142
752 152 8143
749 152 8144
745 150 8145
741 150 8146
738 148 8147
734 147 8148
730 146 8149
727 144 8150
723 143 8151
720 142 8152
716 141 8153
712 139 8154
708 138 8155
705 137 8156
701 136 8157
697 134 8158
693 133 8159
690 131 8160
685 131 8161
681 129 8162
678 128 8163
674 126 8164
670 125 8165
666 124 8166
662 123 8167
658 121 8168
654 121 8169
650 119 8170
646 118 8171
642 117 8172
638 116 8173
634 115 8174
630 114 8175
626 113 8176
621 111 8177
617 110 8178
613 109 8179
609 108 8180
605 106 8181
601 106 8182
597 105 8183
593 104 8184
588 103 8185
584 102 8186
579 100 8187
575 99 8188
571 98 8189
567 97 8190
563 96 8191
559 95 8192
554 93 8193
550 92 8194
546 91 8195
542 90 8196
537 88 8197
533 87 8198
529 86 8199
526 84 8200
521 83 8201
517 82 8202
513 81 8203
509 80 8204
505 78 8205
502 76 8206
498 75 8207
494 74 8208
490 71 8209
486 69 8210
483 67 8211
479 66 8212
475 63 8213
471 61 8214
468 59 8215
465 56 8216
461 55 8217
458 52 8218
454 50 8219
451 47 8220
447 44 8221
444 42 8222
441 40 8223
439 37 8224
435 34 8225
432 32 8226
429 29 8227
427 28 8228
423 28 8229
421 28 8230
418 28 8231
415 28 8232
412 28 8233
410 28 8234
961 37 8704
952 40 8705
943 43 8706
936 47 8707
928 49 8708
920 52 8709
912 56 8710
904 59 8711
897 62 8712
890 66 8713
883 69 8714
876 72 8715
868 74 8716
862 76 8717
857 77 8718
850 78 8719
844 79 8720
838 80 8721
832 80 8722
826 80 8723
819 80 8724
812 80 8725
805 80 8726
798 80 8727
791 80 8728
783 79 8729
774 79 8730
766 79 8731
756 80 8732
747 80 8733
737 80 8734
727 80 8735
717 80 8736
706 80 8737
695 80 8738
684 81 8739
672 81 8740
661 81 8741
650 82 8742
638 82 8743
626 82 8744
614 82 8745
603 82 8746
591 82 8747
580 83 8748
568 83 8749
556 83 8750
544 83 8751
533 83 8752
522 83 8753
511 83 8754
498 84 8755
487 84 8756
476 84 8757
465 84 8758
454 83 8759
443 84 8760
432 82 8761
422 83 8762
411 82 8763
401 82 8764
391 81 8765
381 81 8766
371 80 8767
363 81 8768
353 81 8769
345 82 8770
336 81 8771
328 82 8772
319 82 8773
311 83 8774
301 83 8775
294 85 8776
285 86 8777
278 88 8778
269 89 8779
261 91 8780
252 93 8781
244 96 8782
235 98 8783
228 102 8784
219 104 8785
212 108 8786
203 111 8787
196 116 8788
188 119 8789
182 124 8790
173 127 8791
168 133 8792
160 136 8793
155 142 8794
148 146 8795
143 151 8796
136 155 8797
132 161 8798
126 165 8799
122 171 8800
116 175 8801
112 181 8802
106 186 8803
103 191 8804
98 196 8805
95 202 8806
89 206 8807
86 212 8808
81 217 8809
79 223 8810
74 228 8811
72 234 8812
67 239 8813
65 245 8814
61 249 8815
60 256 8816
56 261 8817
55 267 8818
50 271 8819
50 277 8820
46 282 8821
45 289 8822
41 293 8823
41 299 8824
37 304 8825
37 310 8826
34 315 8827
33 320 8828
30 325 8829
30 331 8830
28 336 8831
28 341 8832
28 346 8833
28 351 8834
28 356 8835
28 361 8836
28 364 8837
28 368 8838
28 370 8839
28 373 8840
28 375 8841
28 378 8842
28 379 8843
28 381 8844
29 382 8845
30 383 8846
31 384 8847
32 385 8848
33 385 8849
34 385 8850
35 387 8851
36 387 8852
37 387 8853
37 387 8854
38 387 8855
39 388 8856
39 388 8857
39 388 8858
40 388 8859
41 388 8860
42 388 8861
43 389 8862
44 389 8863
45 389 8864
46 389 8865
47 389 8866
49 390 8867
49 389 8868
51 390 8869
53 391 8870
54 392 8871
56 392 8872
57 393 8873
60 394 8874
61 394 8875
63 395 8876
65 396 8877
66 397 8878
68 398 8879
71 399 8880
74 400 8881
75 401 8882
77 402 8883
80 404 8884
82 406 8885
84 408 8886
86 409 8887
89 410 8888
91 412 8889
93 414 8890
96 416 8891
98 417 8892
101 419 8893
104 421 8894
106 422 8895
109 424 8896
110 425 8897
113 427 8898
115 429 8899
118 430 8900
120 432 8901
122 433 8902
125 435 8903
126 436 8904
128 438 8905
131 439 8906
133 441 8907
135 442 8908
137 444 8909
140 445 8910
142 447 8911
144 448 8912
146 450 8913
148 452 8914
151 453 8915
153 455 8916
155 456 8917
157 458 8918
159 459 8919
161 461 8920
163 462 8921
166 464 8922
168 466 8923
169 467 8924
172 469 8925
174 471 8926
177 472 8927
179 474 8928
181 476 8929
184 478 8930
185 479 8931
188 480 8932
191 482 8933
192 483 8934
194 484 8935
196 486 8936
199 487 8937
200 489 8938
203 490 8939
204 491 8940
207 493 8941
209 494 8942
211 495 8943
212 497 8944
215 498 8945
217 500 8946
219 502 8947
221 503 8948
222 504 8949
226 506 8950
228 507 8951
230 509 8952
232 510 8953
234 511 8954
236 514 8955
238 515 8956
240 517 8957
242 518 8958
245 520 8959
246 521 8960
249 523 8961
250 524 8962
253 525 8963
255 527 8964
257 528 8965
259 530 8966
261 531 8967
263 533 8968
265 534 8969
266 535 8970
269 536 8971
271 538 8972
272 539 8973
274 540 8974
276 542 8975
278 543 8976
280 544 8977
282 545 8978
283 547 8979
285 548 8980
287 549 8981
289 550 8982
289 552 8983
292 553 8984
293 554 8985
295 556 8986
296 557 8987
298 558 8988
300 560 8989
301 561 8990
302 562 8991
305 563 8992
306 564 8993
308 565 8994
309 566 8995
311 568 8996
312 568 8997
314 570 8998
315 571 8999
317 572 9000
319 573 9001
320 575 9002
322 575 9003
323 577 9004
325 578 9005
327 579 9006
328 580 9007
329 581 9008
330 582 9009
332 583 9010
333 584 9011
335 585 9012
336 586 9013
337 587 9014
339 588 9015
340 589 9016
341 590 9017
343 591 9018
344 592 9019
346 594 9020
347 594 9021
349 595 9022
350 596 9023
351 598 9024
352 598 9025
353 599 9026
355 600 9027
356 601 9028
358 602 9029
360 603 9030
360 604 9031
361 604 9032
363 606 9033
364 606 9034
366 607 9035
367 608 9036
367 609 9037
369 610 9038
371 611 9039
372 612 9040
373 613 9041
375 614 9042
376 615 9043
377 616 9044
379 617 9045
380 618 9046
381 619 9047
383 619 9048
384 620 9049
385 621 9050
386 622 9051
387 623 9052
389 623 9053
389 624 9054
391 625 9055
393 626 9056
394 626 9057
396 627 9058
396 627 9059
398 629 9060
399 629 9061
401 630 9062
401 631 9063
403 632 9064
405 633 9065
406 634 9066
408 635 9067
409 636 9068
410 637 9069
412 638 9070
414 639 9071
415 640 9072
416 640 9073
418 642 9074
419 642 9075
420 643 9076
421 644 9077
423 644 9078
424 646 9079
425 646 9080
426 647 9081
427 647 9082
428 648 9083
430 649 9084
430 649 9085
431 650 9086
432 651 9087
434 651 9088
435 652 9089
436 653 9090
437 654 9091
437 655 9092
439 655 9093
440 656 9094
440 657 9095
442 657 9096
442 658 9097
444 658 9098
445 659 9099
445 660 9100
446 660 9101
447 660 9102
448 661 9103
449 662 9104
450 663 9105
451 663 9106
451 663 9107
453 664 9108
453 664 9109
455 665 9110
455 666 9111
456 666 9112
457 667 9113
458 667 9114
458 667 9115
460 668 9116
460 669 9117
461 669 9118
461 669 9119
463 670 9120
463 671 9121
464 671 9122
466 671 9123
466 672 9124
467 672 9125
468 673 9126
469 673 9127
469 673 9128
470 673 9129
471 674 9130
473 674 9131
473 674 9132
474 674 9133
476 675 9134
476 675 9135
478 675 9136
479 675 9137
481 675 9138
482 676 9139
484 676 9140
485 676 9141
487 676 9142
489 677 9143
491 677 9144
493 677 9145
495 678 9146
498 678 9147
500 679 9148
503 678 9149
505 678 9150
507 679 9151
510 679 9152
513 679 9153
515 679 9154
518 680 9155
521 679 9156
524 680 9157
527 680 9158
530 680 9159
533 681 9160
536 681 9161
539 682 9162
542 682 9163
545 682 9164
549 683 9165
552 683 9166
555 683 9167
558 684 9168
561 684 9169
564 684 9170
567 684 9171
569 685 9172
572 685 9173
575 685 9174
578 686 9175
581 686 9176
583 686 9177
585 686 9178
588 687 9179
590 687 9180
593 687 9181
596 688 9182
598 688 9183
601 687 9184
603 688 9185
606 688 9186
609 689 9187
612 689 9188
614 689 9189
617 689 9190
620 689 9191
1158 585 9487
1160 583 9488
1162 582 9489
1164 581 9490
1166 579 9491
1168 577 9492
1169 576 9493
1171 574 9494
1173 573 9495
1175 571 9496
1177 569 9497
1179 568 9498
1181 566 9499
1183 564 9500
1185 563 9501
1188 561 9502
1190 559 9503
1193 557 9504
1195 555 9505
1197 554 9506
1199 552 9507
1201 550 9508
1204 548 9509
1206 546 9510
1209 544 9511
1212 542 9512
1214 540 9513
1217 537 9514
1220 536 9515
1223 534 9516
1226 530 9517
1229 529 9518
1232 526 9519
1235 524 9520
1237 522 9521
1240 519 9522
1244 516 9523
1247 514 9524
1250 511 9525
1253 509 9526
1257 506 9527
1260 504 9528
1264 501 9529
1267 499 9530
1271 496 9531
1274 493 9532
1278 491 9533
1281 488 9534
1286 485 9535
1289 482 9536
1293 479 9537
1297 477 9538
1301 474 9539
1305 470 9540
1308 468 9541
1313 464 9542
1317 462 9543
1322 458 9544
1326 455 9545
1330 453 9546
1334 449 9547
1339 445 9548
1344 442 9549
1348 439 9550
1352 436 9551
1357 433 9552
1362 429 9553
1367 425 9554
1370 422 9555
1375 418 9556
1381 414 9557
1386 410 9558
1392 406 9559
1396 402 9560
1400 399 9561
1405 395 9562
1411 391 9563
1415 387 9564
1423 382 9565
1424 378 9566
1424 374 9567
1424 371 9568
1424 365 9569
1424 360 9570
1424 356 9571
1424 356 9572
1424 356 9573
1424 356 9574
1424 356 9575
1424 356 9576
1424 356 9577
541 139 9757
542 145 9758
542 150 9759
542 154 9760
541 159 9761
541 164 9762
541 168 9763
540 172 9764
540 176 9765
540 180 9766
540 184 9767
539 188 9768
539 191 9769
538 194 9770
538 198 9771
537 202 9772
536 205 9773
535 208 9774
534 212 9775
533 215 9776
530 219 9777
529 222 9778
527 225 9779
525 229 9780
522 233 9781
519 236 9782
516 239 9783
514 242 9784
510 245 9785
506 248 9786
502 251 9787
498 254 9788
494 256 9789
489 259 9790
484 261 9791
480 263 9792
475 265 9793
469 267 9794
464 269 9795
458 270 9796
452 271 9797
446 273 9798
439 273 9799
432 274 9800
425 275 9801
417 276 9802
409 277 9803
401 277 9804
393 277 9805
384 277 9806
375 278 9807
365 279 9808
355 279 9809
344 280 9810
334 280 9811
322 281 9812
311 281 9813
301 282 9814
289 282 9815
278 283 9816
267 283 9817
256 283 9818
244 283 9819
233 283 9820
222 284 9821
211 284 9822
201 284 9823
190 284 9824
180 284 9825
170 284 9826
159 284 9827
149 284 9828
139 284 9829
130 284 9830
120 284 9831
110 284 9832
101 285 9833
92 284 9834
83 285 9835
74 285 9836
65 285 9837
56 285 9838
48 286 9839
39 287 9840
31 287 9841
24 287 9842
24 288 9843
24 289 9844
24 289 9845
24 290 9846
24 290 9847
24 290 9848
24 290 9849
108 510 9932
114 513 9933
119 516 9934
124 518 9935
130 522 9936
135 524 9937
140 527 9938
145 529 9939
150 532 9940
155 534 9941
160 537 9942
164 539 9943
169 542 9944
173 544 9945
177 547 9946
181 549 9947
186 551 9948
191 554 9949
195 556 9950
198 559 9951
203 561 9952
208 564 9953
211 566 9954
214 568 9955
218 570 9956
222 572 9957
226 574 9958
230 576 9959
234 578 9960
237 579 9961
241 581 9962
243 583 9963
246 584 9964
250 586 9965
252 588 9966
255 590 9967
258 591 9968
261 592 9969
264 594 9970
267 595 9971
269 597 9972
272 599 9973
275 600 9974
277 601 9975
280 603 9976
282 604 9977
285 605 9978
287 607 9979
290 608 9980
293 610 9981
295 611 9982
297 612 9983
299 613 9984
301 615 9985
303 616 9986
305 616 9987
307 618 9988
310 619 9989
312 620 9990
314 621 9991
316 622 9992
318 624 9993
320 625 9994
322 627 9995
325 628 9996
326 629 9997
328 630 9998
331 632 9999
333 634 10000
336 635 10001
337 636 10002
340 638 10003
342 639 10004
344 640 10005
346 641 10006
348 642 10007
350 643 10008
352 645 10009
354 645 10010
356 647 10011
358 647 10012
360 649 10013
362 650 10014
364 651 10015
366 651 10016
368 653 10017
370 653 10018
371 655 10019
373 655 10020
375 656 10021
377 657 10022
379 658 10023
381 659 10024
382 660 10025
384 661 10026
385 662 10027
387 663 10028
389 663 10029
390 664 10030
392 665 10031
393 666 10032
395 667 10033
397 668 10034
398 669 10035
400 669 10036
402 670 10037
403 671 10038
404 672 10039
405 672 10040
407 673 10041
408 674 10042
410 675 10043
411 676 10044
412 677 10045
414 678 10046
415 678 10047
417 679 10048
418 680 10049
419 680 10050
421 681 10051
422 682 10052
424 682 10053
424 683 10054
425 684 10055
427 684 10056
428 685 10057
429 686 10058
430 686 10059
431 687 10060
432 687 10061
433 688 10062
434 689 10063
435 690 10064
436 690 10065
437 691 10066
439 691 10067
440 692 10068
441 692 10069
442 693 10070
443 694 10071
444 695 10072
446 695 10073
447 696 10074
448 697 10075
449 697 10076
451 698 10077
452 698 10078
453 699 10079
455 700 10080
456 701 10081
458 701 10082
459 701 10083
460 702 10084
462 702 10085
463 702 10086
465 703 10087
467 704 10088
469 704 10089
471 704 10090
472 705 10091
474 705 10092
476 706 10093
478 706 10094
480 707 10095
482 707 10096
484 707 10097
487 708 10098
489 708 10099
491 708 10100
493 709 10101
495 709 10102
497 709 10103
500 710 10104
503 710 10105
505 711 10106
507 711 10107
509 711 10108
515 712 10109
515 712 10110
515 712 10111
515 712 10112
515 712 10113
515 712 10114
515 712 10115
515 712 10116
515 712 10117
435 690 10296
432 689 10297
428 689 10298
424 688 10299
420 687 10300
416 687 10301
412 686 10302
408 685 10303
404 685 10304
399 684 10305
396 684 10306
391 683 10307
388 682 10308
383 681 10309
379 681 10310
374 679 10311
369 678 10312
365 677 10313
361 676 10314
356 675 10315
351 674 10316
347 673 10317
342 672 10318
337 671 10319
331 670 10320
327 669 10321
322 668 10322
317 667 10323
312 665 10324
307 664 10325
301 664 10326
296 662 10327
292 661 10328
285 660 10329
281 659 10330
275 658 10331
270 657 10332
264 657 10333
259 656 10334
253 655 10335
247 654 10336
242 654 10337
236 652 10338
230 651 10339
224 651 10340
219 650 10341
213 649 10342
208 647 10343
202 647 10344
196 646 10345
191 645 10346
185 644 10347
180 642 10348
174 642 10349
168 641 10350
163 640 10351
157 639 10352
152 638 10353
146 637 10354
140 636 10355
134 635 10356
128 634 10357
104 554 10550
112 554 10551
120 554 10552
127 554 10553
134 554 10554
142 555 10555
149 555 10556
157 555 10557
165 555 10558
172 555 10559
180 555 10560
187 556 10561
194 556 10562
202 556 10563
210 556 10564
217 556 10565
225 556 10566
233 557 10567
240 557 10568
248 557 10569
255 557 10570
263 557 10571
272 558 10572
278 558 10573
286 558 10574
293 558 10575
301 558 10576
309 559 10577
316 559 10578
324 559 10579
331 559 10580
340 560 10581
347 560 10582
355 560 10583
361 560 10584
369 560 10585
377 561 10586
385 561 10587
393 561 10588
400 562 10589
408 562 10590
416 562 10591
423 562 10592
431 563 10593
439 563 10594
446 564 10595
455 564 10596
461 563 10597
469 564 10598
477 565 10599
485 565 10600
493 565 10601
500 565 10602
508 566 10603
517 566 10604
524 567 10605
531 567 10606
539 568 10607
547 568 10608
555 568 10609
562 568 10610
571 569 10611
578 569 10612
586 569 10613
594 569 10614
602 570 10615
609 570 10616
617 570 10617
625 570 10618
632 571 10619
640 571 10620
648 571 10621
656 571 10622
664 571 10623
672 571 10624
680 571 10625
688 572 10626
695 571 10627
703 571 10628
711 571 10629
719 571 10630
727 571 10631
735 571 10632
743 572 10633
750 572 10634
759 572 10635
766 572 10636
774 572 10637
782 572 10638
790 572 10639
798 572 10640
806 572 10641
814 572 10642
822 572 10643
829 572 10644
837 572 10645
845 572 10646
853 573 10647
861 572 10648
869 572 10649
877 572 10650
885 573 10651
892 572 10652
901 573 10653
908 573 10654
916 573 10655
924 573 10656
932 573 10657
939 573 10658
948 573 10659
955 573 10660
963 573 10661
971 573 10662
979 574 10663
986 574 10664
996 574 10665
1003 574 10666
1011 574 10667
1018 574 10668
1027 575 10669
1034 575 10670
1043 575 10671
1050 575 10672
1059 576 10673
1065 576 10674
1075 576 10675
1082 577 10676
1090 577 10677
1097 577 10678
1107 578 10679
1113 578 10680
1123 578 10681
1130 579 10682
1138 579 10683
1145 579 10684
1154 580 10685
1160 580 10686
1169 581 10687
1176 581 10688
1185 581 10689
1191 582 10690
1204 589 10691
1207 584 10692
1215 587 10693
1220 587 10694
1229 585 10695
1236 585 10696
1246 584 10697
1253 584 10698
1262 585 10699
1264 600 10700
1277 585 10701
1285 597 10702
1293 586 10703
1305 593 10704
1309 587 10705
1324 584 10706
1325 590 10707
1330 579 10708
1342 586 10709
1323 586 10710
1323 586 10711
1324 585 10712
1336 457 10859
1324 457 10860
1313 458 10861
1299 459 10862
1287 459 10863
1274 460 10864
1262 460 10865
1249 460 10866
1236 461 10867
1226 461 10868
1213 460 10869
1201 461 10870
1188 460 10871
1176 460 10872
1164 459 10873
1152 459 10874
1140 459 10875
1129 458 10876
1116 458 10877
1104 458 10878
1093 457 10879
1081 457 10880
1070 456 10881
1058 456 10882
1046 456 10883
1034 455 10884
1023 455 10885
1010 455 10886
999 454 10887
987 454 10888
976 454 10889
963 454 10890
952 453 10891
940 453 10892
928 453 10893
917 453 10894
905 453 10895
893 453 10896
881 452 10897
869 452 10898
858 452 10899
846 452 10900
834 452 10901
823 452 10902
811 452 10903
800 452 10904
787 451 10905
776 451 10906
764 451 10907
752 451 10908
740 451 10909
729 451 10910
717 451 10911
706 451 10912
694 450 10913
683 450 10914
671 451 10915
660 451 10916
648 450 10917
637 450 10918
625 450 10919
614 450 10920
602 449 10921
591 449 10922
580 449 10923
569 449 10924
558 449 10925
547 449 10926
534 449 10927
524 448 10928
512 448 10929
502 448 10930
491 447 10931
480 447 10932
468 447 10933
458 447 10934
446 446 10935
436 446 10936
423 445 10937
413 445 10938
401 444 10939
391 444 10940
380 444 10941
369 445 10942
358 444 10943
348 444 10944
337 443 10945
327 443 10946
316 443 10947
307 442 10948
295 442 10949
286 442 10950
275 441 10951
266 442 10952
254 441 10953
244 441 10954
232 440 10955
222 440 10956
211 439 10957
201 440 10958
189 439 10959
179 439 10960
167 438 10961
158 438 10962
146 438 10963
137 438 10964
125 437 10965
116 438 10966
105 437 10967
96 437 10968
85 436 10969
76 436 10970
66 436 10971
58 436 10972
45 436 10973
37 436 10974
22 435 10975
20 435 10976
20 435 10977
20 437 10978
250 660 11151
252 661 11152
255 661 11153
257 662 11154
259 663 11155
261 664 11156
263 665 11157
266 666 11158
269 666 11159
271 667 11160
273 669 11161
275 669 11162
277 670 11163
280 670 11164
282 671 11165
284 672 11166
286 673 11167
288 673 11168
291 674 11169
292 674 11170
294 675 11171
297 676 11172
298 677 11173
301 677 11174
302 678 11175
305 679 11176
306 680 11177
308 681 11178
310 681 11179
312 682 11180
314 683 11181
316 683 11182
318 684 11183
320 685 11184
321 685 11185
323 686 11186
325 687 11187
327 687 11188
328 688 11189
330 688 11190
332 689 11191
334 690 11192
336 691 11193
337 691 11194
339 692 11195
341 693 11196
343 693 11197
345 694 11198
346 694 11199
348 695 11200
350 696 11201
352 696 11202
353 697 11203
355 698 11204
357 698 11205
359 699 11206
361 699 11207
362 700 11208
365 699 11209
367 700 11210
368 700 11211
371 700 11212
373 701 11213
375 701 11214
377 702 11215
380 702 11216
382 703 11217
384 703 11218
387 703 11219
389 704 11220
391 705 11221
394 705 11222
396 705 11223
399 706 11224
401 706 11225
404 707 11226
407 707 11227
410 707 11228
412 708 11229
415 708 11230
418 708 11231
420 709 11232
423 710 11233
426 709 11234
429 710 11235
432 710 11236
435 710 11237
438 711 11238
441 711 11239
444 711 11240
448 712 11241
450 712 11242
454 712 11243
457 712 11244
461 713 11245
463 713 11246
467 713 11247
470 713 11248
474 714 11249
477 714 11250
481 714 11251
484 714 11252
488 715 11253
491 715 11254
491 715 11255
500 717 11256
503 716 11257
503 716 11258
503 716 11259
895 601 11498
896 599 11499
897 597 11500
897 596 11501
898 594 11502
899 592 11503
900 591 11504
901 589 11505
901 587 11506
902 585 11507
904 583 11508
905 582 11509
905 580 11510
906 578 11511
907 576 11512
908 575 11513
909 572 11514
910 570 11515
911 568 11516
912 566 11517
913 564 11518
914 562 11519
915 560 11520
916 558 11521
917 556 11522
918 554 11523
919 552 11524
920 550 11525
921 547 11526
922 545 11527
924 543 11528
925 541 11529
926 538 11530
927 536 11531
928 534 11532
930 531 11533
931 529 11534
932 526 11535
933 523 11536
935 521 11537
936 518 11538
938 515 11539
939 512 11540
940 510 11541
942 507 11542
943 504 11543
945 501 11544
946 498 11545
948 495 11546
949 492 11547
951 489 11548
953 486 11549
954 483 11550
956 479 11551
958 476 11552
959 472 11553
961 469 11554
963 465 11555
965 462 11556
967 458 11557
968 455 11558
971 451 11559
972 447 11560
975 443 11561
977 439 11562
979 435 11563
981 431 11564
983 427 11565
985 423 11566
987 418 11567
990 414 11568
992 409 11569
994 405 11570
997 400 11571
999 395 11572
1001 391 11573
1005 385 11574
1007 380 11575
1010 375 11576
1013 370 11577
1015 364 11578
1018 359 11579
1020 353 11580
1023 348 11581
1026 341 11582
1029 336 11583
1032 330 11584
1034 324 11585
1037 319 11586
1041 312 11587
1044 307 11588
1046 300 11589
1048 294 11590
1051 288 11591
1054 282 11592
1057 276 11593
1060 270 11594
1063 264 11595
1066 257 11596
1068 251 11597
1071 244 11598
1074 238 11599
1077 231 11600
1079 224 11601
1083 217 11602
1087 210 11603
1090 202 11604
1092 195 11605
1095 188 11606
1098 180 11607
1101 172 11608
1104 164 11609
1107 156 11610
1110 148 11611
1112 140 11612
1115 131 11613
1117 123 11614
1120 114 11615
1123 105 11616
1126 96 11617
1129 87 11618
1132 78 11619
1134 69 11620
1137 60 11621
1139 50 11622
1142 40 11623
1144 30 11624
1147 28 11625
1148 28 11626
1149 28 11627
1153 28 11628
1153 28 11629
1153 28 11630
1153 28 11631
1153 28 11632
1153 28 11633
1153 28 11634
1153 28 11635
1153 28 11636
574 49 11695
557 53 11696
540 56 11697
524 58 11698
508 57 11699
492 58 11700
477 57 11701
463 55 11702
449 52 11703
435 50 11704
422 46 11705
410 44 11706
397 44 11707
386 44 11708
375 44 11709
364 44 11710
353 44 11711
343 44 11712
335 44 11713
324 44 11714
313 44 11715
313 44 11716
683 66 12019
683 69 12020
682 72 12021
683 74 12022
684 77 12023
683 81 12024
683 83 12025
683 87 12026
684 89 12027
684 93 12028
684 96 12029
685 98 12030
685 102 12031
686 104 12032
687 108 12033
688 111 12034
689 114 12035
690 117 12036
691 120 12037
692 123 12038
694 125 12039
695 128 12040
697 132 12041
698 134 12042
699 137 12043
702 139 12044
704 142 12045
705 144 12046
706 147 12047
708 149 12048
710 153 12049
711 156 12050
714 159 12051
716 161 12052
718 164 12053
720 166 12054
721 169 12055
723 171 12056
724 174 12057
726 177 12058
728 180 12059
730 181 12060
731 185 12061
734 186 12062
735 188 12063
737 190 12064
739 192 12065
741 195 12066
743 197 12067
746 199 12068
748 202 12069
750 204 12070
753 206 12071
755 209 12072
759 211 12073
762 214 12074
765 216 12075
767 218 12076
770 221 12077
773 223 12078
777 225 12079
780 228 12080
784 230 12081
787 231 12082
791 235 12083
794 236 12084
798 238 12085
801 240 12086
805 242 12087
808 244 12088
812 247 12089
816 248 12090
819 250 12091
823 253 12092
826 255 12093
829 257 12094
829 267 12095
830 270 12096
830 273 12097
832 274 12098
845 267 12099
849 269 12100
852 271 12101
855 273 12102
858 275 12103
861 277 12104
864 279 12105
867 281 12106
869 283 12107
869 283 12108
875 287 12109
878 288 12110
880 290 12111
883 292 12112
886 294 12113
888 295 12114
891 297 12115
893 299 12116
896 301 12117
899 302 12118
901 304 12119
903 306 12120
905 308 12121
908 310 12122
910 311 12123
912 313 12124
915 315 12125
917 317 12126
919 318 12127
921 320 12128
923 322 12129
925 323 12130
927 325 12131
929 326 12132
931 328 12133
933 329 12134
935 331 12135
937 332 12136
938 334 12137
940 335 12138
942 337 12139
944 339 12140
945 340 12141
947 342 12142
949 343 12143
950 344 12144
952 346 12145
954 348 12146
955 349 12147
956 351 12148
958 352 12149
960 353 12150
961 355 12151
963 356 12152
965 358 12153
966 359 12154
967 360 12155
969 361 12156
971 363 12157
973 364 12158
974 366 12159
976 367 12160
977 368 12161
978 369 12162
980 371 12163
982 371 12164
983 373 12165
985 374 12166
986 375 12167
988 376 12168
989 378 12169
991 379 12170
993 380 12171
994 381 12172
996 383 12173
997 384 12174
999 385 12175
1001 386 12176
1003 387 12177
1004 388 12178
1006 389 12179
1007 391 12180
1009 391 12181
1010 393 12182
1012 394 12183
1013 395 12184
1015 396 12185
1016 397 12186
1018 397 12187
1020 398 12188
1022 398 12189
1022 399 12190
1025 400 12191
1026 401 12192
1028 401 12193
1028 402 12194
1030 402 12195
1030 403 12196
1032 403 12197
1032 404 12198
1034 404 12199
1034 405 12200
1036 405 12201
1037 406 12202
1038 406 12203
1038 406 12204
1040 406 12205
1041 406 12206
1043 406 12207
1043 407 12208
1045 406 12209
1045 406 12210
1047 406 12211
1047 406 12212
1049 406 12213
1049 406 12214
1051 406 12215
1051 406 12216
1053 405 12217
1053 405 12218
1055 405 12219
1055 405 12220
1057 404 12221
1057 404 12222
1059 403 12223
1059 403 12224
1061 402 12225
1061 402 12226
1064 401 12227
1064 401 12228
1066 400 12229
1066 399 12230
1068 398 12231
1068 398 12232
1069 397 12233
1069 397 12234
1071 395 12235
1071 395 12236
1072 394 12237
1072 393 12238
1074 392 12239
1073 391 12240
1075 391 12241
1074 389 12242
1076 388 12243
1076 388 12244
1078 386 12245
1077 385 12246
1079 384 12247
1078 383 12248
1079 382 12249
1079 381 12250
1081 380 12251
1081 379 12252
1082 377 12253
1082 376 12254
1084 374 12255
1084 374 12256
1085 372 12257
1085 371 12258
1087 369 12259
1086 368 12260
1088 366 12261
1088 366 12262
1090 363 12263
1090 362 12264
1091 361 12265
1091 360 12266
1093 358 12267
1093 357 12268
1095 355 12269
1095 354 12270
1097 352 12271
1096 351 12272
1099 349 12273
1099 348 12274
1101 346 12275
1101 345 12276
1102 343 12277
1103 342 12278
1105 340 12279
1105 339 12280
1107 337 12281
1108 336 12282
1110 334 12283
1111 332 12284
1113 331 12285
1114 330 12286
1118 328 12287
1118 327 12288
1122 325 12289
1122 324 12290
1126 322 12291
1127 321 12292
1131 319 12293
1132 319 12294
1136 317 12295
1138 315 12296
1141 314 12297
1144 312 12298
1148 310 12299
1150 309 12300
1153 307 12301
1155 306 12302
1159 305 12303
1161 303 12304
1164 302 12305
1167 300 12306
1170 299 12307
1173 297 12308
1176 295 12309
1179 294 12310
1182 292 12311
1185 290 12312
1188 289 12313
1191 287 12314
1194 285 12315
1197 284 12316
1200 282 12317
1203 280 12318
1206 279 12319
1209 277 12320
1212 275 12321
1215 273 12322
1218 272 12323
1220 270 12324
1224 268 12325
1227 267 12326
1230 265 12327
1233 263 12328
1236 261 12329
1239 259 12330
1242 258 12331
1245 256 12332
1248 254 12333
1252 252 12334
1254 250 12335
1257 249 12336
1260 246 12337
1263 244 12338
1266 242 12339
1269 240 12340
1272 238 12341
1275 236 12342
1278 234 12343
1281 233 12344
1284 230 12345
1287 228 12346
1290 226 12347
1293 224 12348
1297 222 12349
1299 220 12350
1303 218 12351
1306 216 12352
1309 214 12353
1312 212 12354
1315 210 12355
1318 207 12356
1321 205 12357
1325 203 12358
1328 200 12359
1331 198 12360
1333 196 12361
1337 194 12362
1340 191 12363
1344 188 12364
1347 186 12365
1350 184 12366
1353 182 12367
1356 180 12368
1359 177 12369
1362 174 12370
1366 172 12371
1369 170 12372
1371 168 12373
1375 165 12374
1378 162 12375
1382 160 12376
1384 157 12377
1387 155 12378
1391 152 12379
1394 150 12380
1397 147 12381
1400 144 12382
1403 142 12383
1406 139 12384
1409 137 12385
1413 134 12386
1416 132 12387
1418 129 12388
1422 125 12389
1424 123 12390
1424 120 12391
1424 118 12392
1424 115 12393
1424 112 12394
1424 112 12395
1424 112 12396
1424 112 12397
474 50 12868
479 52 12869
485 55 12870
490 57 12871
496 59 12872
501 62 12873
507 64 12874
511 66 12875
517 69 12876
523 71 12877
528 73 12878
533 75 12879
537 77 12880
543 80 12881
548 82 12882
553 84 12883
558 85 12884
562 88 12885
568 90 12886
573 92 12887
577 93 12888
583 96 12889
587 98 12890
592 99 12891
597 101 12892
602 103 12893
607 105 12894
612 106 12895
616 108 12896
621 110 12897
625 111 12898
629 113 12899
635 114 12900
639 116 12901
644 118 12902
648 119 12903
653 120 12904
657 122 12905
662 123 12906
666 125 12907
669 126 12908
674 128 12909
679 129 12910
683 131 12911
688 133 12912
692 134 12913
696 134 12914
701 136 12915
705 137 12916
709 139 12917
713 140 12918
718 142 12919
722 143 12920
726 144 12921
730 145 12922
734 146 12923
739 148 12924
743 149 12925
747 151 12926
751 152 12927
755 153 12928
759 155 12929
763 157 12930
768 159 12931
772 161 12932
775 163 12933
779 165 12934
783 167 12935
787 169 12936
791 172 12937
794 174 12938
798 177 12939
801 179 12940
805 182 12941
809 183 12942
813 185 12943
816 188 12944
820 191 12945
824 193 12946
828 196 12947
831 198 12948
833 200 12949
837 202 12950
839 205 12951
843 207 12952
846 209 12953
850 211 12954
852 214 12955
855 216 12956
858 218 12957
861 220 12958
864 223 12959
867 225 12960
870 227 12961
873 229 12962
886 231 12963
886 231 12964
888 232 12965
888 233 12966
888 237 12967
889 237 12968
892 237 12969
893 236 12970
894 239 12971
895 237 12972
901 251 12973
903 253 12974
905 256 12975
907 258 12976
909 260 12977
911 262 12978
914 263 12979
916 265 12980
918 267 12981
920 269 12982
923 270 12983
924 272 12984
926 274 12985
928 276 12986
930 278 12987
932 279 12988
934 282 12989
936 284 12990
937 285 12991
940 287 12992
941 288 12993
943 290 12994
944 292 12995
946 294 12996
948 295 12997
950 297 12998
951 298 12999
953 300 13000
954 302 13001
956 303 13002
957 305 13003
959 307 13004
960 308 13005
962 310 13006
963 311 13007
964 313 13008
965 314 13009
966 316 13010
968 317 13011
969 319 13012
970 320 13013
971 322 13014
972 324 13015
973 325 13016
975 326 13017
975 328 13018
976 329 13019
977 331 13020
979 332 13021
979 334 13022
980 335 13023
981 337 13024
982 338 13025
983 340 13026
983 341 13027
984 342 13028
985 344 13029
986 345 13030
987 346 13031
987 348 13032
988 350 13033
988 351 13034
989 352 13035
990 354 13036
990 355 13037
991 356 13038
992 358 13039
992 360 13040
992 361 13041
993 362 13042
994 364 13043
994 365 13044
994 366 13045
995 368 13046
995 369 13047
996 370 13048
996 371 13049
997 372 13050
997 373 13051
998 375 13052
998 376 13053
998 377 13054
1000 378 13055
1000 379 13056
1000 380 13057
1000 381 13058
1001 382 13059
1001 383 13060
1002 384 13061
1002 385 13062
1003 386 13063
1003 387 13064
1004 388 13065
1004 389 13066
1004 390 13067
1006 391 13068
1005 392 13069
1006 393 13070
1006 393 13071
1007 394 13072
1008 395 13073
1008 395 13074
1009 396 13075
1009 397 13076
1009 397 13077
1011 398 13078
1011 398 13079
1011 399 13080
1012 400 13081
1012 400 13082
1013 400 13083
1013 402 13084
1014 402 13085
1014 402 13086
1015 402 13087
1015 402 13088
1017 403 13089
1017 403 13090
1017 403 13091
1017 403 13092
1018 403 13093
1018 404 13094
1019 404 13095
1020 404 13096
1020 404 13097
1020 404 13098
1022 404 13099
1022 404 13100
1022 404 13101
1024 404 13102
1024 404 13103
1024 404 13104
1025 403 13105
1025 403 13106
1026 403 13107
1027 403 13108
1027 402 13109
1028 402 13110
1029 402 13111
1029 402 13112
1030 401 13113
1030 401 13114
1031 400 13115
1032 400 13116
1032 400 13117
1033 399 13118
1033 399 13119
1034 398 13120
1035 397 13121
1035 397 13122
1036 396 13123
1036 396 13124
1037 395 13125
1038 394 13126
1039 393 13127
1039 393 13128
1040 392 13129
1040 391 13130
1041 390 13131
1041 389 13132
1042 388 13133
1042 388 13134
1043 386 13135
1044 386 13136
1044 384 13137
1045 384 13138
1045 382 13139
1047 382 13140
1047 381 13141
1048 379 13142
1048 378 13143
1049 378 13144
1050 376 13145
1051 375 13146
1052 374 13147
1052 373 13148
1053 371 13149
1054 370 13150
1055 369 13151
1056 368 13152
1057 366 13153
1058 365 13154
1059 364 13155
1059 362 13156
1061 361 13157
1061 359 13158
1062 358 13159
1063 357 13160
1064 356 13161
1065 354 13162
1066 352 13163
1067 351 13164
1068 349 13165
1069 348 13166
1070 347 13167
1070 345 13168
1072 343 13169
1072 342 13170
1073 341 13171
1075 339 13172
1075 337 13173
1077 336 13174
1078 334 13175
1078 333 13176
1080 331 13177
1080 329 13178
1082 328 13179
1083 327 13180
1083 325 13181
1085 323 13182
1085 322 13183
1087 320 13184
1087 319 13185
1089 317 13186
1089 316 13187
1091 314 13188
1092 313 13189
1092 311 13190
1094 309 13191
1094 308 13192
1096 306 13193
1096 305 13194
1097 303 13195
1098 302 13196
1098 300 13197
1100 299 13198
1101 297 13199
1102 295 13200
1102 293 13201
1103 292 13202
1104 290 13203
1104 288 13204
1105 286 13205
1105 285 13206
1105 283 13207
1106 281 13208
1106 279 13209
1106 277 13210
1106 276 13211
1105 274 13212
1105 272 13213
1105 270 13214
1104 268 13215
1104 266 13216
1102 265 13217
1102 262 13218
1101 261 13219
1100 259 13220
1098 258 13221
1097 256 13222
1096 253 13223
1094 252 13224
1092 250 13225
1090 248 13226
1089 246 13227
1087 244 13228
1085 242 13229
1083 240 13230
1080 238 13231
1078 236 13232
1076 234 13233
1073 232 13234
1070 230 13235
1067 229 13236
1065 227 13237
1063 226 13238
1060 224 13239
1057 223 13240
1053 221 13241
1051 219 13242
1048 218 13243
1045 217 13244
1042 217 13245
1039 216 13246
1037 214 13247
1034 213 13248
1031 212 13249
1028 211 13250
1025 210 13251
1022 209 13252
1018 208 13253
1015 207 13254
1012 207 13255
1009 206 13256
1006 206 13257
1003 205 13258
1000 204 13259
996 203 13260
993 203 13261
989 202 13262
985 202 13263
983 201 13264
979 200 13265
975 199 13266
972 199 13267
969 198 13268
965 198 13269
962 197 13270
957 196 13271
954 196 13272
951 195 13273
947 195 13274
943 194 13275
940 194 13276
936 194 13277
932 193 13278
929 193 13279
925 192 13280
921 192 13281
917 193 13282
913 192 13283
909 192 13284
905 192 13285
903 191 13286
897 191 13287
893 191 13288
891 191 13289
885 191 13290
880 190 13291
876 189 13292
872 189 13293
868 188 13294
864 189 13295
861 188 13296
856 188 13297
851 189 13298
847 189 13299
843 189 13300
838 188 13301
833 188 13302
829 188 13303
825 188 13304
821 188 13305
816 188 13306
811 188 13307
807 188 13308
802 189 13309
798 189 13310
795 189 13311
789 189 13312
785 190 13313
780 189 13314
775 189 13315
771 190 13316
767 190 13317
762 190 13318
758 190 13319
754 191 13320
748 191 13321
744 191 13322
740 191 13323
735 191 13324
731 192 13325
726 192 13326
723 193 13327
718 193 13328
713 193 13329
709 194 13330
703 194 13331
700 194 13332
695 194 13333
691 195 13334
686 195 13335
682 196 13336
677 196 13337
673 196 13338
669 197 13339
664 198 13340
660 199 13341
656 199 13342
651 199 13343
647 200 13344
641 200 13345
638 200 13346
634 200 13347
629 200 13348
625 199 13349
621 199 13350
617 198 13351
613 197 13352
609 196 13353
605 195 13354
601 194 13355
598 193 13356
594 192 13357
590 191 13358
586 189 13359
582 188 13360
579 187 13361
574 186 13362
571 184 13363
568 182 13364
565 181 13365
563 181 13366
559 179 13367
557 178 13368
555 177 13369
553 177 13370
551 177 13371
549 176 13372
548 177 13373
546 177 13374
545 177 13375
544 178 13376
542 178 13377
541 179 13378
540 180 13379
538 182 13380
537 184 13381
537 186 13382
535 188 13383
534 190 13384
533 192 13385
532 195 13386
532 198 13387
531 200 13388
530 204 13389
530 206 13390
528 207 13391
528 211 13392
527 213 13393
526 216 13394
526 219 13395
525 222 13396
524 224 13397
523 227 13398
523 229 13399
522 232 13400
521 235 13401
520 238 13402
520 241 13403
520 244 13404
519 247 13405
519 250 13406
519 253 13407
518 256 13408
518 259 13409
517 262 13410
517 265 13411
517 268 13412
517 271 13413
517 274 13414
517 277 13415
517 280 13416
516 283 13417
517 286 13418
516 289 13419
516 291 13420
516 295 13421
516 298 13422
516 300 13423
515 304 13424
516 307 13425
516 310 13426
516 313 13427
516 316 13428
516 319 13429
516 322 13430
516 325 13431
517 329 13432
517 332 13433
517 335 13434
517 338 13435
516 341 13436
516 344 13437
516 347 13438
516 350 13439
516 353 13440
516 357 13441
516 359 13442
516 363 13443
516 366 13444
516 369 13445
515 371 13446
516 375 13447
514 378 13448
515 381 13449
514 384 13450
515 387 13451
514 389 13452
514 393 13453
514 396 13454
513 399 13455
514 401 13456
514 404 13457
514 407 13458
513 411 13459
512 414 13460
512 417 13461
512 419 13462
512 422 13463
512 426 13464
512 428 13465
512 431 13466
512 434 13467
512 437 13468
512 440 13469
512 443 13470
512 446 13471
511 448 13472
511 451 13473
511 454 13474
511 457 13475
511 460 13476
510 463 13477
510 465 13478
510 468 13479
510 471 13480
510 474 13481
510 477 13482
510 480 13483
509 483 13484
509 486 13485
508 489 13486
508 491 13487
508 494 13488
508 497 13489
508 500 13490
507 503 13491
507 506 13492
507 509 13493
507 512 13494
507 515 13495
506 518 13496
506 521 13497
506 524 13498
505 527 13499
506 530 13500
506 534 13501
505 537 13502
505 540 13503
505 543 13504
505 546 13505
505 549 13506
505 553 13507
505 555 13508
504 559 13509
505 562 13510
505 565 13511
504 568 13512
504 571 13513
504 574 13514
504 578 13515
504 581 13516
503 583 13517
504 586 13518
504 589 13519
504 593 13520
503 595 13521
503 598 13522
503 601 13523
503 604 13524
502 607 13525
502 610 13526
502 613 13527
502 616 13528
502 619 13529
501 622 13530
501 625 13531
501 628 13532
500 631 13533
500 634 13534
500 637 13535
499 640 13536
499 643 13537
499 646 13538
499 648 13539
499 652 13540
498 655 13541
498 658 13542
498 660 13543
498 663 13544
497 667 13545
498 669 13546
497 672 13547
497 675 13548
497 678 13549
497 681 13550
497 685 13551
497 687 13552
496 690 13553
496 693 13554
496 697 13555
496 699 13556
496 703 13557
496 706 13558
496 708 13559
496 711 13560
496 714 13561
494 716 13562
496 722 13563
496 722 13564
506 562 14103
506 559 14104
506 557 14105
506 554 14106
506 552 14107
506 550 14108
506 548 14109
506 546 14110
506 544 14111
506 542 14112
506 540 14113
506 538 14114
507 536 14115
506 535 14116
507 533 14117
507 531 14118
507 530 14119
507 528 14120
507 527 14121
507 525 14122
507 524 14123
507 522 14124
507 521 14125
508 520 14126
507 519 14127
507 517 14128
507 516 14129
507 515 14130
507 513 14131
507 513 14132
508 512 14133
508 511 14134
508 510 14135
507 509 14136
508 508 14137
508 507 14138
508 506 14139
508 505 14140
508 504 14141
508 503 14142
508 502 14143
508 502 14144
508 501 14145
509 500 14146
508 500 14147
509 500 14148
508 499 14149
508 498 14150
508 497 14151
508 497 14152
507 497 14153
506 496 14154
506 495 14155
505 494 14156
504 493 14157
503 492 14158
501 492 14159
499 491 14160
497 490 14161
495 489 14162
493 488 14163
490 487 14164
487 486 14165
484 485 14166
481 484 14167
478 483 14168
474 482 14169
470 481 14170
467 480 14171
463 479 14172
458 478 14173
454 477 14174
449 475 14175
445 474 14176
441 473 14177
436 472 14178
431 472 14179
425 471 14180
420 470 14181
415 469 14182
409 468 14183
403 467 14184
396 467 14185
391 465 14186
384 465 14187
377 464 14188
371 463 14189
364 461 14190
357 461 14191
349 461 14192
342 459 14193
335 458 14194
327 457 14195
319 456 14196
