655 240 465
656 241 466
657 240 467
656 239 468
658 240 469
658 239 470
658 239 471
660 238 472
660 238 473
662 238 474
663 237 475
663 237 476
664 235 477
666 235 478
667 233 479
669 232 480
670 231 481
671 230 482
673 230 483
675 228 484
676 226 485
680 225 486
682 224 487
683 221 488
687 220 489
689 219 490
692 217 491
695 215 492
696 213 493
701 211 494
704 209 495
707 206 496
710 205 497
715 202 498
719 201 499
724 198 500
728 195 501
733 194 502
739 191 503
743 189 504
749 187 505
756 184 506
762 181 507
769 178 508
776 175 509
783 173 510
790 169 511
797 166 512
804 162 513
812 158 514
820 155 515
829 151 516
836 148 517
844 144 518
853 140 519
861 137 520
869 132 521
878 128 522
886 124 523
894 120 524
902 115 525
911 110 526
919 105 527
928 100 528
936 96 529
945 90 530
955 85 531
963 80 532
972 74 533
982 68 534
992 63 535
1002 57 536
1013 51 537
1025 45 538
1870 295 708
1862 300 709
1852 305 710
1844 310 711
1835 314 712
1826 320 713
1817 324 714
1806 330 715
1797 335 716
1789 339 717
1780 343 718
1770 348 719
1762 352 720
1753 357 721
1743 360 722
1735 365 723
1726 369 724
1718 373 725
1709 377 726
1700 381 727
1691 384 728
1682 388 729
1674 392 730
1666 395 731
1657 398 732
1649 402 733
1641 406 734
1634 409 735
1626 412 736
1616 414 737
1608 417 738
1601 421 739
1594 426 740
1588 429 741
1581 433 742
1574 435 743
1567 438 744
1560 441 745
1554 444 746
1548 447 747
1541 449 748
1535 451 749
1528 456 750
1522 458 751
1516 461 752
1510 464 753
1504 466 754
1498 470 755
1492 470 756
1486 474 757
1480 476 758
1475 478 759
1469 481 760
1464 483 761
1457 485 762
1452 488 763
1447 490 764
1441 492 765
1436 495 766
1431 497 767
1426 499 768
1421 501 769
1416 503 770
1411 505 771
1407 507 772
1402 510 773
1397 511 774
1392 513 775
1388 514 776
1383 516 777
1378 518 778
1373 520 779
1369 521 780
1365 525 781
1362 525 782
1357 527 783
1353 529 784
1349 530 785
1345 532 786
1338 533 787
1334 536 788
1331 537 789
1327 538 790
1324 540 791
1321 542 792
1320 542 793
1316 544 794
1315 545 795
1203 584 844
1201 584 845
1197 584 846
1194 584 847
1192 586 848
1190 586 849
1188 586 850
1187 587 851
1185 588 852
1182 589 853
1179 590 854
1177 590 855
1175 591 856
1174 591 857
1170 592 858
1169 592 859
1167 592 860
1164 592 861
1162 592 862
1158 593 863
1156 594 864
1155 594 865
1153 595 866
1150 597 867
1149 597 868
1147 597 869
1145 598 870
1142 598 871
1141 599 872
1140 600 873
1136 600 874
1134 600 875
1133 601 876
1129 601 877
1126 600 878
1123 601 879
1118 602 880
1117 602 881
1116 604 882
1114 604 883
1109 604 884
1107 604 885
1102 604 886
1100 604 887
1098 604 888
1096 604 889
1093 604 890
1089 603 891
1088 604 892
692 532 991
690 530 992
688 529 993
685 527 994
682 524 995
676 520 996
673 518 997
671 516 998
670 514 999
669 512 1000
668 510 1001
667 508 1002
666 506 1003
665 504 1004
664 502 1005
664 500 1006
664 497 1007
664 496 1008
664 493 1009
664 491 1010
665 489 1011
665 487 1012
666 484 1013
668 482 1014
669 480 1015
670 478 1016
672 477 1017
674 474 1018
676 472 1019
677 470 1020
679 468 1021
682 466 1022
684 465 1023
687 464 1024
690 461 1025
694 460 1026
697 457 1027
700 455 1028
703 453 1029
707 452 1030
711 450 1031
715 448 1032
718 447 1033
721 445 1034
723 444 1035
727 442 1036
731 441 1037
734 439 1038
737 437 1039
740 436 1040
744 436 1041
747 435 1042
750 433 1043
754 432 1044
757 431 1045
760 429 1046
763 428 1047
766 427 1048
770 425 1049
773 424 1050
776 422 1051
779 421 1052
782 421 1053
785 419 1054
789 417 1055
792 416 1056
795 414 1057
798 414 1058
801 412 1059
804 410 1060
807 410 1061
810 409 1062
813 407 1063
816 407 1064
819 405 1065
822 404 1066
825 404 1067
828 402 1068
831 402 1069
833 402 1070
836 401 1071
839 400 1072
842 399 1073
845 397 1074
847 396 1075
850 394 1076
852 392 1077
854 392 1078
857 391 1079
859 389 1080
861 387 1081
863 385 1082
865 384 1083
868 383 1084
870 381 1085
872 379 1086
874 377 1087
876 376 1088
878 374 1089
879 372 1090
882 370 1091
884 368 1092
885 365 1093
887 364 1094
889 361 1095
890 359 1096
892 358 1097
893 355 1098
895 353 1099
896 350 1100
898 348 1101
899 346 1102
900 343 1103
902 340 1104
902 338 1105
904 335 1106
905 332 1107
906 330 1108
908 328 1109
909 325 1110
910 322 1111
911 319 1112
913 316 1113
914 313 1114
915 310 1115
917 306 1116
919 304 1117
920 300 1118
922 297 1119
923 294 1120
926 291 1121
927 287 1122
929 284 1123
932 281 1124
934 277 1125
935 274 1126
938 269 1127
940 267 1128
942 263 1129
945 260 1130
946 256 1131
949 252 1132
951 248 1133
953 245 1134
956 242 1135
957 237 1136
959 234 1137
962 230 1138
965 227 1139
967 222 1140
969 219 1141
972 215 1142
975 211 1143
977 206 1144
980 202 1145
983 199 1146
985 194 1147
989 190 1148
991 185 1149
995 180 1150
997 177 1151
1000 171 1152
1004 167 1153
1007 162 1154
1010 158 1155
1013 154 1156
1016 149 1157
1020 144 1158
1023 139 1159
1026 134 1160
1029 129 1161
1032 124 1162
1036 119 1163
1039 114 1164
1042 109 1165
1046 104 1166
1049 99 1167
1053 94 1168
1056 87 1169
1060 82 1170
1065 77 1171
1069 71 1172
1073 66 1173
1078 59 1174
1083 54 1175
1088 48 1176
1094 42 1177
1099 36 1178
1697 80 1352
1692 86 1353
1687 92 1354
1682 98 1355
1676 104 1356
1671 109 1357
1666 115 1358
1661 120 1359
1656 126 1360
1651 131 1361
1646 136 1362
1641 141 1363
1636 146 1364
1631 151 1365
1626 156 1366
1621 161 1367
1617 166 1368
1613 171 1369
1608 176 1370
1603 181 1371
1599 185 1372
1594 190 1373
1590 194 1374
1585 199 1375
1581 203 1376
1576 207 1377
1571 212 1378
1568 216 1379
1563 220 1380
1559 223 1381
1555 228 1382
1551 232 1383
1547 236 1384
1542 240 1385
1539 244 1386
1536 247 1387
1531 251 1388
1527 255 1389
1523 259 1390
1519 263 1391
1516 267 1392
1511 269 1393
1508 274 1394
1503 276 1395
1499 280 1396
1495 283 1397
1491 287 1398
1488 290 1399
1484 293 1400
1480 297 1401
1477 300 1402
1473 303 1403
1468 306 1404
1464 309 1405
1461 313 1406
1457 316 1407
1454 319 1408
1450 322 1409
1446 326 1410
1442 329 1411
1439 331 1412
1435 334 1413
1431 338 1414
1426 340 1415
1423 343 1416
1420 345 1417
1417 348 1418
1412 351 1419
1410 354 1420
1405 357 1421
1401 359 1422
1398 362 1423
1395 365 1424
1391 367 1425
1388 369 1426
1385 372 1427
1382 375 1428
1379 377 1429
1375 379 1430
1372 381 1431
1369 384 1432
1366 387 1433
1364 388 1434
1359 391 1435
1356 392 1436
1352 395 1437
1350 397 1438
1346 400 1439
1343 401 1440
1339 403 1441
1335 405 1442
1332 406 1443
1328 408 1444
1325 410 1445
1321 411 1446
1317 414 1447
1313 415 1448
1309 416 1449
1306 417 1450
1303 418 1451
1299 420 1452
1294 421 1453
1290 423 1454
1286 423 1455
1281 425 1456
1277 426 1457
1274 427 1458
1269 427 1459
1264 429 1460
1260 430 1461
1255 431 1462
1250 432 1463
1246 432 1464
1241 433 1465
1236 434 1466
1231 435 1467
1226 435 1468
1221 436 1469
1216 437 1470
1211 438 1471
1206 439 1472
1201 439 1473
1196 440 1474
1192 440 1475
1185 440 1476
1181 440 1477
1175 441 1478
1170 442 1479
1166 441 1480
1160 442 1481
1155 442 1482
1149 442 1483
1145 442 1484
1139 442 1485
1134 443 1486
1129 443 1487
1123 443 1488
1118 443 1489
1113 442 1490
1107 442 1491
1103 442 1492
1097 441 1493
1092 441 1494
1087 441 1495
1081 441 1496
1077 440 1497
1071 440 1498
1066 439 1499
1060 439 1500
1055 438 1501
1050 437 1502
1044 437 1503
1040 436 1504
1035 435 1505
1029 434 1506
1024 433 1507
1019 433 1508
1014 433 1509
1009 432 1510
1003 431 1511
998 430 1512
993 429 1513
988 428 1514
983 427 1515
978 425 1516
973 425 1517
968 424 1518
963 423 1519
957 421 1520
953 420 1521
948 418 1522
942 417 1523
937 415 1524
931 414 1525
927 412 1526
922 411 1527
916 409 1528
911 408 1529
905 406 1530
900 404 1531
895 403 1532
890 401 1533
884 399 1534
879 397 1535
873 395 1536
868 393 1537
862 392 1538
856 390 1539
851 387 1540
845 385 1541
839 383 1542
834 381 1543
829 379 1544
823 377 1545
817 375 1546
811 372 1547
805 370 1548
799 367 1549
794 365 1550
788 362 1551
782 359 1552
776 356 1553
769 354 1554
763 351 1555
757 348 1556
751 345 1557
745 342 1558
739 338 1559
733 335 1560
726 332 1561
721 329 1562
715 326 1563
709 323 1564
703 319 1565
698 315 1566
691 311 1567
685 307 1568
680 304 1569
673 300 1570
666 295 1571
660 292 1572
654 289 1573
648 284 1574
641 281 1575
636 277 1576
629 273 1577
623 269 1578
617 265 1579
611 261 1580
604 257 1581
598 252 1582
592 249 1583
585 245 1584
578 240 1585
573 236 1586
567 232 1587
560 227 1588
555 223 1589
547 219 1590
542 214 1591
535 210 1592
529 205 1593
523 201 1594
516 196 1595
511 192 1596
504 187 1597
497 183 1598
491 177 1599
485 173 1600
477 168 1601
472 163 1602
467 158 1603
460 154 1604
453 149 1605
446 144 1606
440 139 1607
434 134 1608
428 128 1609
422 123 1610
416 117 1611
410 112 1612
404 106 1613
399 102 1614
395 97 1615
389 92 1616
385 86 1617
380 81 1618
376 77 1619
373 72 1620
369 67 1621
366 62 1622
363 57 1623
359 53 1624
357 48 1625
355 44 1626
1532 32 2066
1533 32 2067
1533 33 2068
1533 35 2069
1533 37 2070
1534 39 2071
1534 41 2072
1535 43 2073
1535 45 2074
1535 47 2075
1535 50 2076
1535 52 2077
1535 53 2078
1535 56 2079
1536 58 2080
1536 60 2081
1536 62 2082
1536 64 2083
1536 67 2084
1536 69 2085
1536 71 2086
1537 74 2087
1536 76 2088
1536 78 2089
1537 80 2090
1537 82 2091
1537 85 2092
1537 87 2093
1537 89 2094
1538 91 2095
1538 93 2096
1538 96 2097
1538 98 2098
1539 100 2099
1539 102 2100
1540 105 2101
1539 107 2102
1540 110 2103
1540 111 2104
1540 114 2105
1541 116 2106
1540 119 2107
1541 121 2108
1541 123 2109
1542 125 2110
1541 128 2111
1542 130 2112
1543 132 2113
1543 134 2114
1544 136 2115
1544 138 2116
1544 141 2117
1545 143 2118
1545 145 2119
1545 147 2120
1546 149 2121
1546 151 2122
1547 153 2123
1546 156 2124
1547 158 2125
1547 160 2126
1548 162 2127
1547 164 2128
1548 167 2129
1549 169 2130
1549 171 2131
1548 173 2132
1549 176 2133
1550 178 2134
1550 180 2135
1550 182 2136
1550 185 2137
1550 187 2138
1551 189 2139
1550 191 2140
1551 193 2141
1552 196 2142
1551 198 2143
1552 200 2144
1552 201 2145
1552 203 2146
1552 205 2147
1552 207 2148
1553 207 2149
1552 208 2150
1553 210 2151
1553 210 2152
1554 211 2153
1554 211 2154
1554 212 2155
1553 212 2156
1553 212 2157
1554 212 2158
1554 212 2159
1555 213 2160
1555 213 2161
1555 213 2162
1555 213 2163
1554 213 2164
1555 212 2165
1555 211 2166
1555 211 2167
1556 210 2168
1556 210 2169
1557 209 2170
1558 208 2171
1559 208 2172
1561 207 2173
1562 205 2174
1563 204 2175
1564 203 2176
1566 202 2177
1568 200 2178
1570 199 2179
1572 197 2180
1573 196 2181
1576 195 2182
1579 192 2183
1582 190 2184
1585 188 2185
1588 187 2186
1591 185 2187
1594 182 2188
1598 180 2189
1601 178 2190
1606 175 2191
1609 173 2192
1613 171 2193
1617 168 2194
1622 165 2195
1626 162 2196
1630 159 2197
1636 157 2198
1642 154 2199
1646 151 2200
1651 148 2201
1656 144 2202
1662 141 2203
1668 137 2204
1674 133 2205
1681 129 2206
1688 124 2207
1694 119 2208
1701 116 2209
1708 111 2210
1714 106 2211
1722 100 2212
1730 95 2213
1737 90 2214
1744 86 2215
1753 81 2216
1762 74 2217
1770 70 2218
1779 64 2219
1788 56 2220
1797 49 2221
1805 43 2222
1815 37 2223
1825 32 2224
1872 461 2576
1864 462 2577
1857 462 2578
1850 463 2579
1843 463 2580
1836 463 2581
1829 463 2582
1823 463 2583
1815 463 2584
1809 463 2585
1802 464 2586
1795 463 2587
1787 463 2588
1780 463 2589
1773 463 2590
1767 464 2591
1760 464 2592
1753 464 2593
1746 464 2594
1739 464 2595
1732 464 2596
1725 464 2597
1718 463 2598
1711 464 2599
1705 464 2600
1697 464 2601
1691 463 2602
1684 464 2603
1678 464 2604
1671 464 2605
1664 464 2606
1658 463 2607
1652 463 2608
1646 464 2609
1640 464 2610
1633 464 2611
1627 464 2612
1621 464 2613
1614 464 2614
1608 463 2615
1601 463 2616
1595 464 2617
1588 463 2618
1582 463 2619
1574 463 2620
1567 463 2621
1560 463 2622
1553 463 2623
1546 463 2624
1539 463 2625
1531 463 2626
1524 463 2627
1517 463 2628
1510 463 2629
1502 463 2630
1495 463 2631
1488 463 2632
1480 463 2633
1472 463 2634
1465 463 2635
1457 463 2636
1449 463 2637
1443 462 2638
1436 463 2639
1428 462 2640
1421 462 2641
1415 462 2642
1407 461 2643
1398 461 2644
1392 461 2645
1385 461 2646
1377 461 2647
1369 461 2648
1362 461 2649
1355 460 2650
1347 460 2651
1340 461 2652
1333 460 2653
1325 460 2654
1318 460 2655
1311 460 2656
1303 460 2657
1296 460 2658
1289 459 2659
1281 459 2660
1274 459 2661
1267 459 2662
1260 458 2663
1253 458 2664
1246 458 2665
1239 458 2666
1232 458 2667
1225 457 2668
1218 457 2669
1211 457 2670
1205 457 2671
1198 457 2672
1190 456 2673
1182 457 2674
1175 457 2675
1167 457 2676
1159 458 2677
1152 457 2678
1145 456 2679
1138 456 2680
1131 456 2681
1123 455 2682
1116 455 2683
1108 454 2684
1100 454 2685
1093 453 2686
1085 453 2687
1078 452 2688
1070 451 2689
1064 451 2690
1056 450 2691
1048 450 2692
1041 449 2693
1035 448 2694
1026 448 2695
1019 448 2696
1011 446 2697
1005 446 2698
997 445 2699
990 444 2700
983 443 2701
976 442 2702
969 441 2703
962 440 2704
955 439 2705
948 439 2706
941 438 2707
934 437 2708
927 436 2709
920 435 2710
914 434 2711
907 433 2712
900 432 2713
894 431 2714
888 430 2715
881 429 2716
875 427 2717
869 426 2718
863 425 2719
857 423 2720
851 422 2721
845 421 2722
840 419 2723
835 418 2724
830 416 2725
826 414 2726
821 414 2727
817 412 2728
813 411 2729
809 409 2730
805 408 2731
802 407 2732
799 405 2733
796 404 2734
793 402 2735
790 401 2736
788 399 2737
786 398 2738
784 396 2739
782 394 2740
780 393 2741
779 391 2742
778 390 2743
776 388 2744
775 387 2745
775 385 2746
774 383 2747
773 381 2748
773 379 2749
773 377 2750
773 376 2751
773 374 2752
773 372 2753
773 370 2754
773 368 2755
774 366 2756
774 364 2757
775 362 2758
775 360 2759
776 357 2760
777 355 2761
778 352 2762
779 350 2763
781 348 2764
782 345 2765
784 343 2766
786 340 2767
788 338 2768
790 335 2769
792 332 2770
794 330 2771
796 327 2772
799 324 2773
801 321 2774
804 318 2775
807 315 2776
810 312 2777
812 309 2778
815 306 2779
817 303 2780
820 299 2781
823 296 2782
826 292 2783
829 289 2784
832 285 2785
835 281 2786
838 278 2787
840 274 2788
843 270 2789
846 266 2790
849 262 2791
851 258 2792
854 254 2793
857 250 2794
860 246 2795
863 241 2796
866 237 2797
868 233 2798
870 229 2799
873 225 2800
875 220 2801
878 216 2802
881 211 2803
884 207 2804
886 203 2805
888 199 2806
891 193 2807
894 188 2808
897 184 2809
899 179 2810
902 175 2811
905 170 2812
908 165 2813
910 160 2814
914 155 2815
917 150 2816
920 145 2817
924 140 2818
927 134 2819
929 128 2820
933 124 2821
938 118 2822
942 113 2823
946 107 2824
950 101 2825
954 95 2826
958 90 2827
963 84 2828
968 78 2829
973 72 2830
978 66 2831
983 60 2832
989 54 2833
994 48 2834
1000 42 2835
1770 48 3056
1755 52 3057
1739 55 3058
1725 58 3059
1709 61 3060
1694 65 3061
1679 67 3062
1664 71 3063
1649 73 3064
1634 77 3065
1620 80 3066
1605 83 3067
1591 87 3068
1576 90 3069
1561 94 3070
1546 96 3071
1532 100 3072
1518 104 3073
1503 107 3074
1488 110 3075
1474 115 3076
1460 118 3077
1446 122 3078
1432 125 3079
1417 129 3080
1404 133 3081
1390 136 3082
1375 139 3083
1362 142 3084
1349 145 3085
1335 149 3086
1322 152 3087
1309 155 3088
1296 158 3089
1283 160 3090
1269 164 3091
1256 167 3092
1245 169 3093
1231 173 3094
1219 174 3095
1207 178 3096
1195 179 3097
1183 182 3098
1170 185 3099
1159 188 3100
1147 189 3101
1136 192 3102
1124 194 3103
1114 196 3104
1102 199 3105
1091 201 3106
1081 203 3107
1070 206 3108
1059 208 3109
1049 210 3110
1039 212 3111
1030 214 3112
1019 216 3113
1010 218 3114
1001 220 3115
993 222 3116
985 224 3117
977 225 3118
969 227 3119
961 229 3120
954 231 3121
948 232 3122
942 234 3123
935 235 3124
929 237 3125
924 238 3126
918 240 3127
914 242 3128
908 243 3129
904 244 3130
900 246 3131
896 247 3132
894 248 3133
889 249 3134
886 250 3135
884 252 3136
881 253 3137
879 254 3138
877 255 3139
875 256 3140
874 257 3141
871 258 3142
872 259 3143
870 260 3144
870 260 3145
870 261 3146
869 262 3147
869 262 3148
869 262 3149
868 263 3150
869 263 3151
869 262 3152
870 263 3153
871 263 3154
871 263 3155
873 263 3156
875 262 3157
875 263 3158
876 263 3159
878 262 3160
880 261 3161
882 262 3162
884 260 3163
886 260 3164
888 259 3165
891 259 3166
894 258 3167
897 257 3168
900 256 3169
903 256 3170
908 255 3171
910 254 3172
913 252 3173
918 252 3174
922 250 3175
926 249 3176
931 248 3177
936 246 3178
941 245 3179
945 243 3180
951 242 3181
956 240 3182
962 239 3183
968 237 3184
973 236 3185
980 234 3186
986 232 3187
993 230 3188
1000 228 3189
1006 226 3190
1013 224 3191
1021 223 3192
1028 220 3193
1036 218 3194
1044 215 3195
1052 213 3196
1061 210 3197
1070 207 3198
1078 204 3199
1087 202 3200
1096 199 3201
1105 196 3202
1115 194 3203
1126 190 3204
1134 187 3205
1144 185 3206
1155 181 3207
1165 178 3208
1177 175 3209
1187 170 3210
1199 167 3211
1210 164 3212
1222 160 3213
1234 155 3214
1246 151 3215
1258 148 3216
1271 143 3217
1284 139 3218
1298 134 3219
1311 130 3220
1325 125 3221
1339 121 3222
1354 116 3223
1369 111 3224
1384 106 3225
1399 101 3226
1414 95 3227
1430 90 3228
1447 84 3229
1464 78 3230
1481 72 3231
1500 67 3232
1517 60 3233
1535 54 3234
1554 48 3235
1573 41 3236
1822 297 3507
1811 300 3508
1800 302 3509
1790 306 3510
1779 308 3511
1769 311 3512
1758 314 3513
1748 318 3514
1737 321 3515
1728 323 3516
1717 326 3517
1707 329 3518
1696 331 3519
1687 333 3520
1677 336 3521
1667 338 3522
1657 341 3523
1647 343 3524
1637 345 3525
1627 347 3526
1618 349 3527
1609 351 3528
1599 353 3529
1589 354 3530
1578 356 3531
1569 358 3532
1561 360 3533
1551 361 3534
1541 363 3535
1531 364 3536
1522 365 3537
1367 387 3554
1358 387 3555
1350 389 3556
1341 390 3557
1332 391 3558
1324 392 3559
1315 394 3560
1306 395 3561
1298 396 3562
1289 396 3563
1280 398 3564
1272 398 3565
1263 400 3566
1255 400 3567
1246 402 3568
1238 403 3569
1230 403 3570
1222 404 3571
1214 405 3572
1205 406 3573
1197 407 3574
1189 407 3575
1181 409 3576
1173 409 3577
1164 410 3578
1156 410 3579
1148 410 3580
1141 411 3581
1131 412 3582
1124 412 3583
1116 413 3584
1108 413 3585
1099 413 3586
1092 413 3587
1083 414 3588
1076 414 3589
1068 414 3590
1059 414 3591
1051 415 3592
1043 415 3593
1036 415 3594
1028 414 3595
1020 414 3596
1013 414 3597
1005 414 3598
998 413 3599
990 413 3600
983 412 3601
976 412 3602
968 411 3603
962 411 3604
955 410 3605
948 409 3606
942 408 3607
936 408 3608
928 406 3609
922 405 3610
917 405 3611
911 404 3612
905 403 3613
899 402 3614
894 401 3615
889 400 3616
884 399 3617
879 398 3618
873 396 3619
868 395 3620
864 394 3621
860 392 3622
855 391 3623
851 390 3624
846 388 3625
842 387 3626
838 386 3627
834 384 3628
830 382 3629
826 381 3630
824 379 3631
820 377 3632
816 376 3633
813 374 3634
809 372 3635
806 370 3636
803 368 3637
801 366 3638
798 364 3639
795 362 3640
792 360 3641
791 358 3642
788 355 3643
786 353 3644
784 351 3645
782 349 3646
780 346 3647
779 343 3648
777 341 3649
775 339 3650
773 336 3651
772 334 3652
771 330 3653
770 328 3654
769 325 3655
768 322 3656
767 319 3657
766 317 3658
765 314 3659
764 310 3660
764 307 3661
763 304 3662
761 301 3663
761 297 3664
761 293 3665
759 290 3666
758 286 3667
757 283 3668
755 279 3669
754 275 3670
753 272 3671
752 267 3672
751 263 3673
749 259 3674
747 255 3675
745 251 3676
744 246 3677
743 242 3678
741 238 3679
739 234 3680
738 230 3681
736 226 3682
734 222 3683
733 217 3684
731 213 3685
729 208 3686
727 204 3687
725 200 3688
724 196 3689
721 191 3690
720 187 3691
718 182 3692
716 178 3693
715 173 3694
713 169 3695
711 165 3696
710 160 3697
708 156 3698
706 151 3699
704 147 3700
702 143 3701
700 138 3702
699 135 3703
697 130 3704
696 127 3705
695 123 3706
693 120 3707
691 115 3708
690 113 3709
689 110 3710
687 106 3711
686 104 3712
684 101 3713
684 97 3714
682 94 3715
679 91 3716
679 88 3717
678 86 3718
676 82 3719
675 80 3720
673 77 3721
672 74 3722
671 71 3723
670 69 3724
669 68 3725
668 65 3726
667 63 3727
667 61 3728
665 59 3729
665 57 3730
663 55 3731
661 53 3732
661 52 3733
660 51 3734
658 49 3735
658 47 3736
657 46 3737
656 45 3738
655 42 3739
654 41 3740
653 38 3741
653 37 3742
651 35 3743
651 34 3744
649 34 3745
648 34 3746
647 34 3747
647 34 3748
645 34 3749
644 34 3750
643 34 3751
643 34 3752
642 34 3753
640 34 3754
640 34 3755
639 34 3756
638 34 3757
638 34 3758
636 34 3759
636 34 3760
635 34 3761
634 34 3762
634 34 3763
633 34 3764
632 34 3765
632 34 3766
632 34 3767
631 34 3768
631 34 3769
630 34 3770
630 34 3771
628 34 3772
629 34 3773
628 35 3774
628 37 3775
628 39 3776
627 41 3777
626 43 3778
627 45 3779
627 49 3780
627 52 3781
627 54 3782
626 56 3783
626 60 3784
626 63 3785
626 67 3786
626 72 3787
626 75 3788
625 79 3789
625 82 3790
626 87 3791
625 90 3792
625 95 3793
625 99 3794
625 103 3795
626 108 3796
626 113 3797
626 117 3798
626 122 3799
627 126 3800
627 132 3801
627 137 3802
627 142 3803
627 146 3804
627 151 3805
626 156 3806
628 160 3807
629 165 3808
629 171 3809
629 176 3810
629 181 3811
630 187 3812
629 193 3813
630 198 3814
631 203 3815
631 208 3816
631 214 3817
632 219 3818
632 222 3819
632 228 3820
632 232 3821
631 236 3822
632 241 3823
632 246 3824
632 249 3825
632 253 3826
631 256 3827
633 260 3828
631 264 3829
630 266 3830
631 270 3831
631 273 3832
631 276 3833
631 279 3834
630 282 3835
630 284 3836
631 287 3837
631 289 3838
630 291 3839
630 294 3840
630 295 3841
630 297 3842
630 300 3843
629 302 3844
629 303 3845
629 305 3846
629 307 3847
628 309 3848
628 310 3849
627 313 3850
627 312 3851
627 314 3852
626 316 3853
625 317 3854
624 318 3855
623 319 3856
623 320 3857
621 321 3858
620 322 3859
621 323 3860
620 324 3861
619 325 3862
618 327 3863
619 327 3864
618 329 3865
617 330 3866
617 331 3867
617 332 3868
616 333 3869
616 333 3870
617 336 3871
616 335 3872
616 336 3873
616 337 3874
616 338 3875
616 339 3876
616 339 3877
616 339 3878
617 340 3879
616 340 3880
616 341 3881
616 342 3882
616 342 3883
615 342 3884
616 343 3885
616 344 3886
615 343 3887
615 345 3888
615 344 3889
615 345 3890
615 345 3891
616 347 3892
615 347 3893
615 347 3894
615 348 3895
615 348 3896
616 350 3897
616 349 3898
616 351 3899
616 350 3900
616 351 3901
617 352 3902
617 352 3903
618 353 3904
617 354 3905
617 355 3906
618 355 3907
618 355 3908
618 357 3909
619 357 3910
618 358 3911
618 358 3912
619 358 3913
619 359 3914
620 359 3915
620 360 3916
620 361 3917
620 361 3918
620 362 3919
621 363 3920
620 363 3921
620 364 3922
620 364 3923
621 366 3924
621 366 3925
621 367 3926
621 367 3927
620 368 3928
621 368 3929
621 369 3930
621 370 3931
621 371 3932
621 371 3933
621 371 3934
621 372 3935
621 373 3936
620 373 3937
621 374 3938
621 374 3939
621 375 3940
620 376 3941
621 376 3942
621 376 3943
622 377 3944
621 377 3945
621 378 3946
620 379 3947
621 379 3948
621 379 3949
622 379 3950
620 380 3951
621 380 3952
620 380 3953
620 381 3954
621 381 3955
620 382 3956
620 382 3957
620 382 3958
620 382 3959
620 383 3960
620 383 3961
621 385 3962
620 385 3963
620 385 3964
620 385 3965
620 386 3966
621 387 3967
620 387 3968
621 387 3969
619 387 3970
620 387 3971
620 388 3972
620 389 3973
620 389 3974
621 389 3975
620 390 3976
619 389 3977
620 391 3978
620 391 3979
619 391 3980
618 391 3981
620 392 3982
619 393 3983
619 393 3984
619 393 3985
620 393 3986
619 394 3987
619 393 3988
619 393 3989
619 394 3990
619 395 3991
618 395 3992
618 394 3993
618 395 3994
618 395 3995
617 395 3996
618 396 3997
618 395 3998
618 395 3999
618 396 4000
618 396 4001
618 397 4002
619 397 4003
618 397 4004
618 397 4005
618 397 4006
619 397 4007
618 398 4008
618 397 4009
618 397 4010
618 398 4011
619 397 4012
618 398 4013
619 398 4014
619 398 4015
618 399 4016
618 398 4017
618 399 4018
619 398 4019
619 399 4020
619 399 4021
618 399 4022
618 399 4023
618 400 4024
618 400 4025
618 399 4026
619 400 4027
619 400 4028
619 400 4029
619 400 4030
618 400 4031
619 400 4032
618 400 4033
618 400 4034
619 401 4035
619 401 4036
618 401 4037
619 401 4038
619 401 4039
619 402 4040
619 402 4041
618 402 4042
618 402 4043
618 403 4044
618 402 4045
618 403 4046
618 403 4047
618 403 4048
618 403 4049
618 403 4050
618 402 4051
618 402 4052
617 403 4053
618 403 4054
618 403 4055
618 403 4056
617 404 4057
618 403 4058
617 404 4059
617 404 4060
617 404 4061
618 404 4062
618 404 4063
617 404 4064
618 404 4065
617 405 4066
617 403 4067
616 404 4068
617 404 4069
618 404 4070
618 404 4071
617 405 4072
616 404 4073
617 404 4074
617 403 4075
616 403 4076
616 403 4077
617 403 4078
617 403 4079
616 403 4080
615 403 4081
616 402 4082
616 402 4083
617 402 4084
617 402 4085
616 402 4086
616 402 4087
616 401 4088
616 401 4089
616 401 4090
616 401 4091
616 401 4092
615 401 4093
615 401 4094
614 402 4095
615 401 4096
615 401 4097
615 401 4098
614 402 4099
614 401 4100
614 402 4101
614 400 4102
615 400 4103
615 400 4104
614 398 4105
615 398 4106
615 396 4107
614 394 4108
614 392 4109
614 390 4110
615 388 4111
615 385 4112
614 382 4113
615 379 4114
615 376 4115
615 372 4116
615 368 4117
615 364 4118
615 359 4119
615 355 4120
615 350 4121
615 345 4122
615 339 4123
616 333 4124
615 328 4125
616 322 4126
616 315 4127
616 308 4128
616 302 4129
616 295 4130
617 287 4131
617 280 4132
618 273 4133
617 265 4134
617 256 4135
618 248 4136
617 239 4137
618 229 4138
617 221 4139
618 211 4140
618 202 4141
618 193 4142
618 183 4143
619 174 4144
617 165 4145
618 155 4146
617 146 4147
618 136 4148
617 127 4149
617 117 4150
618 106 4151
617 97 4152
618 88 4153
617 79 4154
617 69 4155
617 59 4156
