1067 227 1192
1064 226 1193
1069 228 1194
1071 228 1195
1076 229 1196
1078 230 1197
1081 230 1198
1087 233 1199
1092 233 1200
1095 234 1201
1099 235 1202
1102 236 1203
1107 239 1204
1112 239 1205
1116 240 1206
1120 241 1207
1124 243 1208
1128 244 1209
1132 246 1210
1138 247 1211
1141 248 1212
1147 250 1213
1151 250 1214
1156 254 1215
1160 255 1216
1164 256 1217
1169 259 1218
1173 261 1219
1179 263 1220
1183 264 1221
1190 268 1222
1195 270 1223
1199 272 1224
1205 274 1225
1210 276 1226
1216 278 1227
1221 281 1228
1229 283 1229
1235 286 1230
1241 288 1231
1248 289 1232
1255 291 1233
1261 294 1234
1267 296 1235
1276 298 1236
1284 300 1237
1290 303 1238
1296 305 1239
1306 307 1240
1310 308 1241
1319 311 1242
1325 312 1243
1333 314 1244
1339 317 1245
1345 318 1246
1351 320 1247
1356 322 1248
1360 322 1249
1366 325 1250
1370 327 1251
1375 330 1252
1380 331 1253
1382 334 1254
1387 338 1255
1390 340 1256
1394 343 1257
1396 347 1258
1398 349 1259
1400 353 1260
1403 356 1261
1406 359 1262
1408 362 1263
1408 366 1264
1409 368 1265
1410 372 1266
1410 376 1267
1412 380 1268
1413 384 1269
1413 387 1270
1415 391 1271
1416 395 1272
1417 397 1273
1417 401 1274
1418 403 1275
1419 408 1276
1419 409 1277
1419 414 1278
1421 415 1279
1421 419 1280
1421 420 1281
1421 422 1282
1422 426 1283
1423 428 1284
1423 431 1285
1423 435 1286
1423 436 1287
1423 439 1288
1423 442 1289
1422 443 1290
1422 446 1291
1423 448 1292
1423 451 1293
1423 453 1294
1423 455 1295
1424 458 1296
1423 460 1297
1423 462 1298
1423 463 1299
1421 466 1300
1421 467 1301
1421 469 1302
1421 472 1303
1420 472 1304
1419 474 1305
1418 475 1306
1417 478 1307
1417 478 1308
1416 481 1309
1415 481 1310
1415 484 1311
1412 484 1312
1412 487 1313
1410 487 1314
1410 488 1315
1409 490 1316
1407 491 1317
1406 493 1318
1404 493 1319
1401 494 1320
1400 495 1321
1397 498 1322
1396 498 1323
1393 499 1324
1392 500 1325
1389 501 1326
1385 502 1327
1384 504 1328
1381 504 1329
1376 504 1330
1373 507 1331
1372 508 1332
1368 508 1333
1363 511 1334
1361 511 1335
1358 511 1336
1353 513 1337
1348 513 1338
1343 515 1339
1340 514 1340
1336 517 1341
1331 518 1342
1326 518 1343
1321 519 1344
1316 519 1345
1310 520 1346
1305 521 1347
1299 522 1348
1294 523 1349
1288 523 1350
1282 524 1351
1277 526 1352
1270 525 1353
1262 527 1354
1258 527 1355
1252 528 1356
1244 530 1357
1238 531 1358
1232 531 1359
1224 531 1360
1217 532 1361
1210 533 1362
1203 533 1363
1195 534 1364
1189 534 1365
1181 536 1366
1173 536 1367
1166 537 1368
1158 539 1369
1150 539 1370
1143 539 1371
1135 540 1372
1126 541 1373
1119 541 1374
1110 541 1375
1102 542 1376
1094 544 1377
1086 544 1378
1077 544 1379
1069 544 1380
1060 544 1381
1052 545 1382
1044 546 1383
1034 547 1384
1026 547 1385
1018 547 1386
1008 547 1387
1000 548 1388
992 548 1389
982 548 1390
973 549 1391
965 550 1392
955 551 1393
947 551 1394
937 551 1395
929 551 1396
920 552 1397
912 553 1398
902 553 1399
895 553 1400
885 553 1401
878 553 1402
869 554 1403
860 554 1404
853 554 1405
844 554 1406
835 555 1407
826 555 1408
818 555 1409
809 555 1410
801 556 1411
792 556 1412
784 556 1413
774 557 1414
766 558 1415
756 558 1416
747 558 1417
738 558 1418
728 558 1419
719 558 1420
708 559 1421
700 559 1422
689 559 1423
678 560 1424
669 560 1425
658 560 1426
648 560 1427
637 561 1428
627 561 1429
617 561 1430
606 561 1431
596 561 1432
586 561 1433
575 561 1434
564 561 1435
554 561 1436
544 561 1437
533 561 1438
523 562 1439
512 562 1440
501 562 1441
491 562 1442
479 562 1443
468 562 1444
457 561 1445
446 561 1446
435 561 1447
424 561 1448
413 561 1449
401 560 1450
390 560 1451
379 560 1452
367 560 1453
356 560 1454
344 560 1455
333 560 1456
321 559 1457
309 559 1458
298 559 1459
286 559 1460
274 559 1461
261 558 1462
250 558 1463
238 557 1464
226 557 1465
213 557 1466
202 557 1467
190 556 1468
177 556 1469
165 556 1470
154 555 1471
140 555 1472
129 555 1473
116 555 1474
104 554 1475
92 554 1476
79 553 1477
66 553 1478
54 553 1479
41 553 1480
709 60 1890
709 60 1891
719 60 1892
733 64 1893
745 64 1894
756 65 1895
769 69 1896
781 71 1897
790 70 1898
801 73 1899
813 74 1900
825 77 1901
834 78 1902
845 79 1903
857 80 1904
865 83 1905
875 83 1906
887 86 1907
897 89 1908
906 90 1909
917 92 1910
926 92 1911
936 95 1912
946 96 1913
953 96 1914
962 98 1915
970 101 1916
981 102 1917
990 103 1918
998 106 1919
1007 107 1920
1014 108 1921
1022 110 1922
1029 110 1923
1038 115 1924
1047 115 1925
1054 117 1926
1061 118 1927
1070 121 1928
1077 121 1929
1082 125 1930
1090 126 1931
1098 126 1932
1104 130 1933
1111 129 1934
1118 131 1935
1123 133 1936
1132 133 1937
1135 136 1938
1142 137 1939
1147 138 1940
1154 139 1941
1159 142 1942
1164 144 1943
1171 144 1944
1175 147 1945
1179 147 1946
1184 150 1947
1188 151 1948
1193 154 1949
1196 156 1950
1199 159 1951
1201 160 1952
1204 163 1953
1204 165 1954
1208 166 1955
1208 170 1956
1212 171 1957
1211 175 1958
1212 178 1959
1213 179 1960
1214 183 1961
1213 184 1962
1214 188 1963
1213 189 1964
1213 194 1965
1212 196 1966
1211 199 1967
1211 202 1968
1210 204 1969
1208 204 1970
1206 208 1971
1205 211 1972
1200 213 1973
1201 216 1974
1199 219 1975
1198 220 1976
1193 222 1977
1191 226 1978
1188 227 1979
1187 230 1980
1182 231 1981
1179 233 1982
1175 234 1983
1173 236 1984
1170 239 1985
1165 240 1986
1161 243 1987
1158 244 1988
1153 246 1989
1149 248 1990
1146 250 1991
1140 252 1992
1136 253 1993
1131 254 1994
1125 257 1995
1122 257 1996
1116 260 1997
1112 261 1998
1107 264 1999
1101 264 2000
1096 267 2001
1090 268 2002
1084 270 2003
1078 271 2004
1073 273 2005
1068 274 2006
1062 275 2007
1057 276 2008
1049 278 2009
1042 280 2010
1038 280 2011
1031 280 2012
1026 284 2013
1021 284 2014
1014 283 2015
1009 286 2016
1003 287 2017
998 287 2018
990 288 2019
985 289 2020
979 290 2021
974 291 2022
968 291 2023
960 291 2024
953 294 2025
948 294 2026
941 294 2027
934 294 2028
926 295 2029
920 296 2030
911 297 2031
905 299 2032
898 298 2033
888 299 2034
882 300 2035
873 300 2036
865 301 2037
857 301 2038
847 302 2039
839 303 2040
830 303 2041
822 303 2042
812 305 2043
804 305 2044
793 306 2045
784 306 2046
774 307 2047
766 309 2048
755 308 2049
746 310 2050
735 309 2051
725 311 2052
715 311 2053
703 312 2054
694 312 2055
684 313 2056
673 312 2057
664 317 2058
654 315 2059
644 315 2060
633 316 2061
622 316 2062
613 317 2063
603 316 2064
591 317 2065
582 319 2066
572 318 2067
560 318 2068
551 320 2069
541 320 2070
529 320 2071
520 322 2072
510 321 2073
499 321 2074
488 322 2075
476 322 2076
466 323 2077
457 323 2078
446 323 2079
433 324 2080
424 324 2081
413 324 2082
403 324 2083
391 324 2084
381 325 2085
370 324 2086
359 324 2087
349 326 2088
337 324 2089
327 324 2090
315 325 2091
305 325 2092
295 327 2093
283 326 2094
273 326 2095
262 327 2096
251 326 2097
240 327 2098
229 326 2099
217 326 2100
207 326 2101
194 326 2102
184 326 2103
173 326 2104
162 326 2105
150 325 2106
138 327 2107
127 326 2108
116 326 2109
105 327 2110
94 326 2111
81 326 2112
71 327 2113
58 326 2114
48 326 2115
685 38 2435
685 38 2436
684 39 2437
682 41 2438
680 42 2439
678 44 2440
678 44 2441
675 46 2442
675 45 2443
674 48 2444
672 48 2445
670 48 2446
670 49 2447
668 49 2448
668 50 2449
666 51 2450
665 53 2451
663 52 2452
663 53 2453
662 52 2454
661 52 2455
661 53 2456
660 53 2457
659 53 2458
657 53 2459
657 53 2460
656 53 2461
654 52 2462
655 52 2463
654 51 2464
653 51 2465
653 51 2466
651 49 2467
651 50 2468
650 48 2469
649 47 2470
649 47 2471
648 45 2472
648 44 2473
647 43 2474
647 41 2475
646 39 2476
645 38 2477
645 36 2478
644 34 2479
644 33 2480
643 31 2481
643 29 2482
642 27 2483
643 26 2484
643 25 2485
642 22 2486
641 19 2487
641 17 2488
640 15 2489
640 14 2490
640 12 2491
640 10 2492
638 39 2684
638 39 2685
638 40 2686
638 44 2687
638 45 2688
637 47 2689
638 49 2690
638 51 2691
638 53 2692
637 55 2693
638 58 2694
637 59 2695
637 61 2696
638 63 2697
635 65 2698
636 67 2699
636 69 2700
636 72 2701
636 73 2702
636 75 2703
636 78 2704
637 81 2705
637 82 2706
637 84 2707
635 86 2708
636 88 2709
635 89 2710
635 92 2711
636 94 2712
635 96 2713
636 98 2714
636 101 2715
636 104 2716
636 104 2717
636 106 2718
636 110 2719
636 112 2720
637 114 2721
636 115 2722
636 118 2723
637 121 2724
637 121 2725
636 124 2726
637 126 2727
637 128 2728
637 131 2729
637 132 2730
637 135 2731
637 137 2732
637 139 2733
637 141 2734
638 144 2735
637 145 2736
637 148 2737
637 149 2738
637 152 2739
637 153 2740
637 156 2741
636 158 2742
637 159 2743
637 162 2744
636 164 2745
637 165 2746
636 168 2747
637 170 2748
636 171 2749
637 174 2750
636 175 2751
637 178 2752
636 179 2753
637 181 2754
637 184 2755
637 185 2756
637 187 2757
637 189 2758
637 191 2759
638 193 2760
637 195 2761
638 197 2762
638 198 2763
638 201 2764
638 203 2765
638 204 2766
638 207 2767
639 208 2768
638 210 2769
639 213 2770
639 214 2771
639 216 2772
639 218 2773
639 220 2774
639 222 2775
639 224 2776
640 226 2777
639 227 2778
639 230 2779
639 232 2780
640 234 2781
639 236 2782
639 237 2783
639 240 2784
639 241 2785
639 243 2786
639 246 2787
638 247 2788
639 250 2789
638 251 2790
638 253 2791
638 256 2792
638 257 2793
638 259 2794
638 261 2795
637 264 2796
638 265 2797
637 268 2798
637 269 2799
637 271 2800
637 274 2801
637 275 2802
637 278 2803
636 280 2804
636 281 2805
636 284 2806
636 286 2807
636 288 2808
636 290 2809
636 292 2810
635 294 2811
636 296 2812
635 299 2813
636 301 2814
635 302 2815
636 305 2816
636 307 2817
635 309 2818
636 311 2819
636 313 2820
636 316 2821
636 317 2822
636 320 2823
636 322 2824
637 324 2825
636 326 2826
637 328 2827
637 330 2828
637 332 2829
637 335 2830
637 336 2831
638 339 2832
638 340 2833
638 343 2834
638 345 2835
638 347 2836
639 350 2837
638 351 2838
639 354 2839
638 356 2840
639 358 2841
639 360 2842
639 363 2843
639 364 2844
639 367 2845
639 368 2846
639 371 2847
639 373 2848
639 374 2849
638 377 2850
639 377 2851
639 380 2852
638 381 2853
638 382 2854
638 383 2855
638 383 2856
638 385 2857
638 384 2858
637 385 2859
637 385 2860
638 386 2861
637 385 2862
637 385 2863
637 386 2864
637 385 2865
637 385 2866
637 385 2867
638 385 2868
638 385 2869
638 385 2870
639 384 2871
640 385 2872
641 384 2873
642 384 2874
643 384 2875
645 384 2876
646 384 2877
648 384 2878
650 383 2879
652 384 2880
655 383 2881
657 383 2882
659 384 2883
663 383 2884
665 384 2885
669 383 2886
673 384 2887
676 384 2888
680 384 2889
684 384 2890
688 384 2891
693 384 2892
697 385 2893
702 385 2894
706 385 2895
711 385 2896
717 385 2897
722 386 2898
727 386 2899
733 387 2900
738 387 2901
744 387 2902
750 388 2903
756 388 2904
762 388 2905
769 389 2906
776 390 2907
782 390 2908
789 390 2909
797 391 2910
803 391 2911
811 391 2912
818 392 2913
826 392 2914
834 393 2915
841 392 2916
849 394 2917
857 393 2918
865 394 2919
874 394 2920
882 394 2921
890 394 2922
899 395 2923
908 395 2924
916 395 2925
925 395 2926
935 396 2927
943 396 2928
952 396 2929
961 397 2930
971 397 2931
979 397 2932
989 397 2933
997 398 2934
1006 397 2935
1015 398 2936
1024 397 2937
1032 398 2938
1041 398 2939
1050 397 2940
1058 398 2941
1066 397 2942
1074 397 2943
1082 397 2944
1091 397 2945
1098 397 2946
1106 397 2947
1114 397 2948
1122 397 2949
1129 396 2950
1137 396 2951
1145 397 2952
1151 396 2953
1159 396 2954
1166 396 2955
1174 397 2956
1180 396 2957
1188 396 2958
1194 396 2959
1201 396 2960
1208 396 2961
1215 396 2962
1221 396 2963
1228 396 2964
1234 397 2965
1241 396 2966
1246 396 2967
1253 396 2968
1258 397 2969
1263 396 2970
1269 397 2971
1274 396 2972
1278 397 2973
1283 398 2974
1287 397 2975
1292 398 2976
1295 398 2977
1298 399 2978
1302 399 2979
1305 400 2980
1308 401 2981
1310 401 2982
1313 402 2983
1315 403 2984
1317 403 2985
1319 405 2986
1321 405 2987
1321 407 2988
1323 407 2989
1325 409 2990
1324 409 2991
1326 411 2992
1326 412 2993
1326 414 2994
1326 415 2995
1326 416 2996
1326 418 2997
1325 419 2998
1325 421 2999
1324 422 3000
1323 424 3001
1322 426 3002
1321 427 3003
1319 429 3004
1317 431 3005
1315 433 3006
1314 435 3007
1311 436 3008
1310 438 3009
1306 440 3010
1305 443 3011
1301 444 3012
1299 446 3013
1296 448 3014
1293 451 3015
1290 452 3016
1286 455 3017
1283 456 3018
1280 459 3019
1276 461 3020
1272 463 3021
1269 465 3022
1265 467 3023
1261 469 3024
1257 471 3025
1254 473 3026
1250 474 3027
1246 477 3028
1243 478 3029
1239 481 3030
1235 482 3031
1232 484 3032
1228 486 3033
1225 487 3034
1221 489 3035
1218 491 3036
1214 492 3037
1211 494 3038
1208 496 3039
1204 497 3040
1201 499 3041
1198 501 3042
1194 502 3043
1191 504 3044
1188 505 3045
1185 507 3046
1182 509 3047
1178 510 3048
1175 511 3049
1172 513 3050
1169 514 3051
1166 516 3052
1162 518 3053
1160 518 3054
1156 521 3055
1153 521 3056
1150 523 3057
1146 525 3058
1144 526 3059
1140 527 3060
1137 528 3061
1134 530 3062
1130 532 3063
1128 532 3064
1123 534 3065
1121 534 3066
1117 536 3067
1113 538 3068
1110 538 3069
1106 540 3070
1102 541 3071
1098 542 3072
1094 543 3073
1090 544 3074
1086 546 3075
1082 546 3076
1077 547 3077
1072 549 3078
1068 549 3079
1063 551 3080
1059 551 3081
1053 552 3082
1049 554 3083
1043 554 3084
1039 555 3085
1033 556 3086
1027 558 3087
1023 557 3088
1017 559 3089
1012 560 3090
1006 560 3091
1000 562 3092
995 562 3093
990 563 3094
983 564 3095
978 564 3096
972 566 3097
966 566 3098
960 566 3099
954 568 3100
948 568 3101
942 568 3102
936 570 3103
930 570 3104
924 571 3105
917 571 3106
911 572 3107
905 573 3108
899 573 3109
892 574 3110
885 574 3111
879 575 3112
872 576 3113
866 576 3114
860 576 3115
852 578 3116
846 578 3117
840 578 3118
833 579 3119
826 579 3120
820 580 3121
813 581 3122
807 581 3123
800 582 3124
793 582 3125
787 583 3126
780 583 3127
774 584 3128
767 585 3129
760 585 3130
754 586 3131
747 586 3132
741 587 3133
734 587 3134
728 588 3135
720 589 3136
715 589 3137
708 591 3138
701 591 3139
695 591 3140
688 593 3141
682 593 3142
676 593 3143
669 595 3144
663 595 3145
657 596 3146
650 597 3147
644 597 3148
638 599 3149
632 599 3150
626 601 3151
619 601 3152
613 602 3153
607 603 3154
601 604 3155
596 604 3156
589 605 3157
583 607 3158
578 607 3159
572 608 3160
566 608 3161
560 610 3162
555 610 3163
549 611 3164
543 612 3165
538 613 3166
532 613 3167
527 615 3168
521 615 3169
515 615 3170
509 616 3171
504 617 3172
497 618 3173
492 618 3174
486 619 3175
479 619 3176
474 620 3177
467 620 3178
461 621 3179
455 621 3180
449 621 3181
443 622 3182
436 622 3183
430 623 3184
423 623 3185
417 623 3186
411 624 3187
404 624 3188
397 624 3189
391 624 3190
385 625 3191
378 624 3192
371 625 3193
365 625 3194
359 625 3195
351 626 3196
345 625 3197
339 626 3198
332 625 3199
326 626 3200
319 626 3201
313 626 3202
306 625 3203
300 626 3204
294 626 3205
287 626 3206
281 625 3207
275 626 3208
269 625 3209
263 625 3210
257 625 3211
250 625 3212
245 625 3213
239 624 3214
233 624 3215
227 624 3216
222 624 3217
216 623 3218
211 623 3219
205 623 3220
200 623 3221
194 622 3222
190 622 3223
184 621 3224
178 621 3225
174 621 3226
169 620 3227
165 620 3228
159 620 3229
154 619 3230
150 618 3231
145 618 3232
141 618 3233
135 617 3234
132 616 3235
126 616 3236
123 615 3237
118 615 3238
114 614 3239
109 613 3240
106 612 3241
101 612 3242
97 611 3243
93 611 3244
90 609 3245
85 609 3246
82 608 3247
77 607 3248
74 606 3249
71 606 3250
66 605 3251
63 603 3252
60 603 3253
56 602 3254
52 601 3255
49 600 3256
46 599 3257
43 598 3258
39 597 3259
36 595 3260
32 595 3261
30 594 3262
26 592 3263
23 592 3264
292 16 3505
292 16 3506
308 17 3507
325 18 3508
341 19 3509
359 21 3510
374 21 3511
391 22 3512
408 24 3513
424 26 3514
440 27 3515
457 27 3516
473 29 3517
489 30 3518
504 32 3519
520 33 3520
536 34 3521
553 37 3522
568 37 3523
584 38 3524
599 41 3525
613 41 3526
629 43 3527
644 45 3528
660 45 3529
675 48 3530
688 51 3531
703 53 3532
717 54 3533
732 56 3534
746 58 3535
760 60 3536
774 62 3537
788 65 3538
801 68 3539
815 70 3540
828 72 3541
841 76 3542
855 78 3543
868 80 3544
879 82 3545
891 86 3546
904 89 3547
915 92 3548
928 96 3549
938 99 3550
949 104 3551
959 106 3552
970 111 3553
980 115 3554
990 119 3555
999 124 3556
1008 128 3557
1016 131 3558
1025 136 3559
1033 140 3560
1040 144 3561
1048 149 3562
1056 154 3563
1062 158 3564
1069 162 3565
1077 166 3566
1082 171 3567
1089 175 3568
1095 178 3569
1102 182 3570
1108 187 3571
1113 191 3572
1120 195 3573
1125 198 3574
1131 202 3575
1136 206 3576
1141 209 3577
1147 213 3578
1152 216 3579
1157 221 3580
1162 225 3581
1167 228 3582
1171 231 3583
1175 235 3584
1180 239 3585
1185 242 3586
1189 246 3587
1193 249 3588
1197 253 3589
1200 256 3590
1204 260 3591
1208 263 3592
1211 266 3593
1215 269 3594
1218 273 3595
1222 276 3596
1225 279 3597
1228 283 3598
1231 286 3599
1234 289 3600
1237 292 3601
1240 295 3602
1242 298 3603
1245 301 3604
1247 304 3605
1250 307 3606
1253 309 3607
1255 312 3608
1257 315 3609
1260 317 3610
1261 320 3611
1263 323 3612
1265 325 3613
1267 327 3614
1269 330 3615
1271 333 3616
1272 336 3617
1274 338 3618
1275 341 3619
1277 343 3620
1279 345 3621
1279 348 3622
1281 351 3623
1282 353 3624
1283 355 3625
1285 357 3626
1286 360 3627
1286 362 3628
1288 365 3629
1288 367 3630
1289 369 3631
1290 371 3632
1289 373 3633
1289 376 3634
1290 378 3635
1289 379 3636
1289 381 3637
1289 383 3638
1287 385 3639
1287 387 3640
1285 389 3641
1285 391 3642
1283 393 3643
1281 394 3644
1280 397 3645
1278 399 3646
1276 401 3647
1274 402 3648
1273 404 3649
1270 405 3650
1268 407 3651
1266 408 3652
1263 409 3653
1261 412 3654
1258 413 3655
1255 415 3656
1253 416 3657
1250 418 3658
1247 418 3659
1243 420 3660
1240 421 3661
1237 422 3662
1234 424 3663
1230 424 3664
1226 426 3665
1222 428 3666
1219 428 3667
1215 429 3668
1212 430 3669
1208 431 3670
1205 432 3671
1200 432 3672
1197 434 3673
1193 435 3674
1190 436 3675
1185 436 3676
1182 437 3677
1179 438 3678
1174 438 3679
1171 439 3680
1167 439 3681
1164 440 3682
1160 441 3683
1157 441 3684
1153 441 3685
1150 442 3686
1147 442 3687
1142 442 3688
1140 443 3689
1135 443 3690
1133 443 3691
1128 444 3692
1126 444 3693
1121 444 3694
1118 444 3695
1114 444 3696
1111 443 3697
1107 444 3698
1104 444 3699
1101 444 3700
1098 444 3701
1094 443 3702
1090 443 3703
1087 443 3704
1085 443 3705
1081 442 3706
1077 441 3707
1074 441 3708
1071 441 3709
1068 440 3710
1065 440 3711
1061 439 3712
1057 439 3713
1054 437 3714
1052 438 3715
1048 437 3716
1044 437 3717
1041 436 3718
1037 434 3719
1034 434 3720
1030 433 3721
1026 432 3722
1023 432 3723
1020 430 3724
1015 430 3725
1012 429 3726
1007 429 3727
1004 427 3728
1000 426 3729
995 425 3730
992 424 3731
987 423 3732
983 422 3733
979 421 3734
974 420 3735
970 418 3736
965 417 3737
960 416 3738
956 414 3739
952 413 3740
948 411 3741
943 409 3742
938 408 3743
934 407 3744
930 405 3745
924 403 3746
920 401 3747
916 400 3748
911 398 3749
907 396 3750
903 394 3751
898 392 3752
894 389 3753
890 387 3754
885 385 3755
881 382 3756
877 380 3757
872 378 3758
868 375 3759
865 373 3760
860 370 3761
856 368 3762
852 365 3763
848 362 3764
843 359 3765
838 356 3766
833 354 3767
829 351 3768
824 348 3769
820 345 3770
814 342 3771
809 339 3772
803 336 3773
798 333 3774
793 330 3775
786 327 3776
780 324 3777
774 321 3778
767 318 3779
761 315 3780
755 312 3781
747 308 3782
740 305 3783
734 302 3784
726 298 3785
720 294 3786
713 290 3787
706 287 3788
699 284 3789
692 280 3790
686 276 3791
679 272 3792
672 269 3793
665 264 3794
659 260 3795
651 257 3796
644 253 3797
638 248 3798
630 243 3799
623 240 3800
615 236 3801
608 231 3802
601 226 3803
594 222 3804
586 218 3805
578 214 3806
570 210 3807
563 205 3808
555 200 3809
547 196 3810
540 191 3811
532 187 3812
524 182 3813
517 178 3814
509 173 3815
501 169 3816
493 165 3817
486 160 3818
478 156 3819
470 152 3820
462 148 3821
455 144 3822
448 140 3823
441 137 3824
433 133 3825
426 129 3826
419 126 3827
413 123 3828
406 120 3829
399 117 3830
392 115 3831
386 112 3832
381 110 3833
375 109 3834
369 106 3835
363 104 3836
359 103 3837
353 101 3838
348 100 3839
344 99 3840
339 98 3841
335 97 3842
332 96 3843
329 95 3844
326 95 3845
323 95 3846
321 95 3847
319 95 3848
317 95 3849
316 95 3850
314 95 3851
313 95 3852
313 95 3853
313 96 3854
313 96 3855
314 96 3856
314 97 3857
315 98 3858
317 99 3859
318 100 3860
320 101 3861
322 102 3862
324 104 3863
328 105 3864
330 106 3865
334 107 3866
336 109 3867
341 111 3868
344 113 3869
348 115 3870
353 117 3871
357 118 3872
362 120 3873
367 122 3874
373 125 3875
377 127 3876
383 129 3877
389 132 3878
395 135 3879
402 137 3880
408 140 3881
414 143 3882
422 146 3883
428 149 3884
436 151 3885
442 154 3886
450 157 3887
458 160 3888
465 163 3889
473 167 3890
480 171 3891
488 174 3892
497 177 3893
504 180 3894
513 184 3895
521 188 3896
529 191 3897
538 194 3898
547 198 3899
555 201 3900
565 204 3901
573 208 3902
582 211 3903
591 215 3904
600 218 3905
609 222 3906
619 226 3907
627 229 3908
637 233 3909
646 237 3910
655 240 3911
665 243 3912
674 247 3913
684 250 3914
693 254 3915
704 258 3916
713 261 3917
722 264 3918
732 268 3919
742 271 3920
752 275 3921
761 279 3922
771 283 3923
780 286 3924
790 290 3925
800 293 3926
810 296 3927
819 300 3928
828 304 3929
838 307 3930
848 311 3931
858 314 3932
867 317 3933
877 321 3934
886 324 3935
896 327 3936
905 330 3937
915 334 3938
924 337 3939
934 340 3940
944 343 3941
952 347 3942
962 350 3943
971 353 3944
979 356 3945
988 359 3946
997 362 3947
1006 365 3948
1014 367 3949
1022 370 3950
1031 372 3951
1039 375 3952
1046 377 3953
1054 380 3954
1061 382 3955
1069 385 3956
1076 387 3957
1084 389 3958
1091 391 3959
1098 393 3960
1105 396 3961
1111 398 3962
1119 399 3963
1124 402 3964
1131 404 3965
1137 406 3966
1144 407 3967
1150 409 3968
1156 411 3969
1162 413 3970
1167 415 3971
1174 416 3972
1179 418 3973
1185 420 3974
1190 422 3975
1195 422 3976
1200 425 3977
1206 427 3978
1211 429 3979
1216 430 3980
1221 431 3981
1226 432 3982
1230 434 3983
1236 435 3984
1240 437 3985
1244 438 3986
1248 440 3987
1253 442 3988
1258 443 3989
1261 443 3990
1265 446 3991
1270 447 3992
1274 448 3993
1278 450 3994
1281 452 3995
1285 452 3996
1289 453 3997
1293 455 3998
1296 456 3999
1300 457 4000
1303 458 4001
1307 460 4002
1310 460 4003
1314 462 4004
1316 462 4005
1319 464 4006
1323 465 4007
1326 466 4008
1329 468 4009
1332 468 4010
1335 470 4011
1338 470 4012
1340 471 4013
1343 472 4014
1345 474 4015
1347 474 4016
1350 475 4017
1352 476 4018
1353 477 4019
1356 478 4020
1356 479 4021
1358 480 4022
1360 481 4023
1361 482 4024
1361 482 4025
1362 482 4026
1364 484 4027
1364 484 4028
1365 485 4029
1365 485 4030
1365 486 4031
1366 487 4032
1365 488 4033
1365 488 4034
1366 489 4035
1365 490 4036
1365 490 4037
1365 491 4038
1364 491 4039
1364 492 4040
1362 492 4041
1361 493 4042
1360 494 4043
1359 494 4044
1359 494 4045
1358 495 4046
1356 495 4047
1355 496 4048
1353 496 4049
1352 497 4050
1350 497 4051
1348 498 4052
1346 498 4053
1344 498 4054
1342 499 4055
1340 499 4056
1338 499 4057
1335 499 4058
1333 500 4059
1330 500 4060
1328 500 4061
1326 501 4062
1323 501 4063
1320 501 4064
1317 501 4065
1314 501 4066
1311 502 4067
1307 503 4068
1305 503 4069
1301 503 4070
1297 503 4071
1294 504 4072
1291 504 4073
1286 504 4074
1283 504 4075
1279 504 4076
1276 505 4077
1271 505 4078
1267 505 4079
1263 505 4080
1259 505 4081
1255 505 4082
1250 505 4083
1247 505 4084
1241 505 4085
1238 505 4086
1233 505 4087
1228 505 4088
1223 506 4089
1218 506 4090
1215 506 4091
1209 506 4092
1205 506 4093
1199 506 4094
1194 506 4095
1189 506 4096
1184 506 4097
1179 506 4098
1174 506 4099
1168 506 4100
1163 506 4101
1157 506 4102
1152 506 4103
1145 506 4104
1140 506 4105
1134 505 4106
1128 505 4107
1122 506 4108
1116 506 4109
1109 506 4110
1103 506 4111
1097 506 4112
1090 505 4113
1084 505 4114
1077 505 4115
1071 505 4116
1063 506 4117
1057 505 4118
1050 505 4119
1043 505 4120
1036 505 4121
1029 505 4122
1022 505 4123
1015 505 4124
1007 504 4125
1001 504 4126
994 505 4127
987 504 4128
979 504 4129
972 504 4130
966 503 4131
958 503 4132
951 503 4133
944 503 4134
937 503 4135
929 503 4136
922 503 4137
915 502 4138
908 502 4139
901 502 4140
893 502 4141
886 502 4142
878 502 4143
871 501 4144
863 501 4145
856 501 4146
848 501 4147
841 501 4148
834 500 4149
826 500 4150
819 500 4151
811 500 4152
804 499 4153
796 499 4154
788 499 4155
780 498 4156
772 498 4157
765 498 4158
757 498 4159
750 497 4160
741 496 4161
734 496 4162
726 496 4163
718 495 4164
709 494 4165
701 494 4166
693 494 4167
685 493 4168
676 493 4169
668 492 4170
660 492 4171
652 491 4172
643 491 4173
635 490 4174
627 489 4175
618 489 4176
609 489 4177
601 488 4178
593 487 4179
584 487 4180
575 486 4181
566 485 4182
558 485 4183
549 485 4184
540 484 4185
532 483 4186
523 482 4187
514 482 4188
505 481 4189
495 479 4190
487 479 4191
477 478 4192
468 477 4193
459 477 4194
450 476 4195
440 474 4196
431 474 4197
421 473 4198
412 471 4199
403 470 4200
393 469 4201
384 468 4202
375 467 4203
365 466 4204
356 465 4205
346 463 4206
337 462 4207
327 460 4208
317 459 4209
307 457 4210
299 456 4211
288 455 4212
280 454 4213
269 452 4214
260 450 4215
250 449 4216
240 448 4217
231 446 4218
221 444 4219
212 443 4220
203 440 4221
193 439 4222
184 437 4223
175 436 4224
166 433 4225
157 431 4226
148 429 4227
139 427 4228
130 425 4229
121 423 4230
113 421 4231
104 418 4232
96 415 4233
87 413 4234
78 410 4235
69 408 4236
61 405 4237
53 403 4238
44 400 4239
35 398 4240
26 396 4241
18 393 4242
1210 51 4474
1211 51 4475
1211 54 4476
1215 57 4477
1217 62 4478
1218 66 4479
1222 70 4480
1222 72 4481
1223 77 4482
1224 81 4483
1225 85 4484
1225 88 4485
1225 92 4486
1224 95 4487
1225 100 4488
1225 104 4489
1222 108 4490
1220 110 4491
1221 115 4492
1218 119 4493
1215 122 4494
1215 126 4495
1211 130 4496
1208 133 4497
1206 138 4498
1204 141 4499
1200 145 4500
1196 150 4501
1192 153 4502
1189 158 4503
1184 160 4504
1180 165 4505
1177 169 4506
1170 172 4507
1167 177 4508
1160 180 4509
1157 184 4510
1150 187 4511
1145 192 4512
1139 195 4513
1136 199 4514
1128 201 4515
1124 206 4516
1119 209 4517
1114 213 4518
1108 216 4519
1102 218 4520
1099 222 4521
1094 223 4522
1090 227 4523
1084 230 4524
1079 232 4525
1075 235 4526
1071 237 4527
1066 238 4528
1062 240 4529
1058 243 4530
1054 245 4531
1050 247 4532
1046 249 4533
1042 251 4534
1039 252 4535
1036 254 4536
1032 256 4537
1030 257 4538
1027 259 4539
1024 261 4540
1021 262 4541
1019 263 4542
1017 265 4543
1014 267 4544
1012 268 4545
1010 269 4546
1007 269 4547
1005 271 4548
1004 272 4549
1002 272 4550
1000 273 4551
997 273 4552
996 274 4553
994 274 4554
993 275 4555
992 276 4556
989 276 4557
987 276 4558
986 277 4559
984 277 4560
982 278 4561
980 279 4562
979 279 4563
978 279 4564
976 280 4565
975 280 4566
973 281 4567
972 283 4568
971 283 4569
970 283 4570
970 284 4571
969 285 4572
969 286 4573
969 287 4574
969 287 4575
968 288 4576
969 289 4577
969 290 4578
969 290 4579
970 291 4580
969 292 4581
970 293 4582
971 293 4583
971 294 4584
971 295 4585
971 296 4586
972 296 4587
972 297 4588
972 298 4589
972 298 4590
973 299 4591
973 300 4592
973 301 4593
974 302 4594
974 303 4595
975 304 4596
975 305 4597
975 305 4598
976 306 4599
977 308 4600
976 308 4601
977 309 4602
977 311 4603
978 311 4604
978 313 4605
978 314 4606
978 314 4607
978 315 4608
978 317 4609
979 317 4610
979 318 4611
979 320 4612
979 320 4613
980 321 4614
980 322 4615
979 323 4616
979 324 4617
979 324 4618
980 326 4619
979 326 4620
979 327 4621
979 328 4622
979 328 4623
978 330 4624
978 330 4625
978 331 4626
978 331 4627
978 332 4628
977 333 4629
978 334 4630
977 335 4631
977 335 4632
977 336 4633
977 337 4634
977 337 4635
977 338 4636
977 338 4637
977 339 4638
977 339 4639
977 340 4640
976 341 4641
976 342 4642
976 342 4643
976 343 4644
976 344 4645
977 344 4646
977 345 4647
977 345 4648
977 346 4649
977 346 4650
977 347 4651
977 348 4652
977 348 4653
977 349 4654
977 349 4655
977 350 4656
977 350 4657
977 351 4658
977 351 4659
977 352 4660
977 352 4661
976 353 4662
976 353 4663
976 354 4664
976 354 4665
976 354 4666
976 354 4667
975 355 4668
975 356 4669
975 356 4670
975 356 4671
975 357 4672
974 358 4673
974 357 4674
974 358 4675
974 358 4676
973 359 4677
973 359 4678
973 359 4679
973 360 4680
973 360 4681
973 360 4682
973 361 4683
973 361 4684
973 362 4685
973 362 4686
973 362 4687
973 362 4688
974 363 4689
974 363 4690
974 364 4691
974 364 4692
974 364 4693
975 364 4694
976 365 4695
976 365 4696
976 365 4697
976 365 4698
976 366 4699
977 366 4700
977 366 4701
977 367 4702
977 367 4703
978 368 4704
978 367 4705
978 367 4706
978 367 4707
978 368 4708
978 368 4709
979 368 4710
980 369 4711
980 369 4712
980 370 4713
980 370 4714
980 370 4715
980 370 4716
981 371 4717
981 371 4718
981 371 4719
982 371 4720
983 372 4721
983 372 4722
983 373 4723
983 373 4724
983 372 4725
983 373 4726
983 373 4727
984 373 4728
984 373 4729
984 374 4730
984 375 4731
984 374 4732
984 375 4733
984 374 4734
984 374 4735
984 375 4736
984 375 4737
983 375 4738
983 375 4739
983 375 4740
982 375 4741
982 375 4742
982 375 4743
981 375 4744
979 375 4745
979 375 4746
979 374 4747
979 374 4748
978 375 4749
