1675 503 1080
1674 503 1081
1673 503 1082
1670 503 1083
1668 504 1084
1665 504 1085
1662 505 1086
1660 505 1087
1656 507 1088
1654 507 1089
1650 507 1090
1648 509 1091
1644 509 1092
1641 509 1093
1639 511 1094
1637 511 1095
1633 512 1096
1632 514 1097
1629 513 1098
1627 515 1099
1625 516 1100
1622 516 1101
1621 518 1102
1619 518 1103
1617 519 1104
1615 520 1105
1613 520 1106
1611 521 1107
1608 521 1108
1607 522 1109
1603 523 1110
1602 524 1111
1597 524 1112
1593 525 1113
1590 525 1114
1587 526 1115
1582 527 1116
1578 527 1117
1574 528 1118
1570 529 1119
1564 530 1120
1559 531 1121
1554 532 1122
1549 533 1123
1543 534 1124
1538 535 1125
1532 536 1126
1526 537 1127
1521 539 1128
1515 539 1129
1509 541 1130
1504 542 1131
1499 542 1132
1493 544 1133
1488 544 1134
1482 546 1135
1478 546 1136
1472 547 1137
1467 549 1138
1463 548 1139
1457 550 1140
1452 551 1141
1448 552 1142
1443 552 1143
1439 553 1144
1433 554 1145
1430 554 1146
1424 556 1147
1421 556 1148
1416 556 1149
1411 558 1150
1408 558 1151
1403 558 1152
1399 560 1153
1395 559 1154
1391 561 1155
1387 560 1156
1383 562 1157
1379 562 1158
1375 562 1159
1371 562 1160
1368 563 1161
1364 564 1162
1360 563 1163
1356 564 1164
1354 565 1165
1349 564 1166
1346 565 1167
1343 565 1168
1339 566 1169
1335 565 1170
1332 566 1171
1329 566 1172
1325 566 1173
1322 566 1174
1319 566 1175
1315 567 1176
1312 567 1177
1308 567 1178
1305 567 1179
1302 567 1180
1299 568 1181
1295 567 1182
1292 568 1183
1288 568 1184
1286 568 1185
1281 569 1186
1279 568 1187
1275 568 1188
1271 569 1189
1268 569 1190
1264 568 1191
1260 569 1192
1257 569 1193
1254 568 1194
1250 569 1195
1245 569 1196
1243 568 1197
1238 569 1198
1235 568 1199
1231 568 1200
1227 568 1201
1223 568 1202
1219 568 1203
1215 568 1204
1211 568 1205
1207 568 1206
1204 568 1207
1199 567 1208
1195 567 1209
1191 567 1210
1187 567 1211
1183 567 1212
1179 566 1213
1174 567 1214
1171 566 1215
1166 566 1216
1163 565 1217
1158 566 1218
1155 565 1219
1150 564 1220
1147 565 1221
1143 564 1222
1138 564 1223
1135 563 1224
1131 563 1225
1127 563 1226
1124 563 1227
1120 562 1228
1116 562 1229
1112 561 1230
1109 561 1231
1105 561 1232
1102 561 1233
1098 560 1234
1094 560 1235
1092 560 1236
1088 559 1237
1084 559 1238
1082 558 1239
1078 558 1240
1075 558 1241
1072 557 1242
1068 557 1243
1065 557 1244
1062 556 1245
1059 556 1246
1055 556 1247
1053 555 1248
1049 555 1249
1046 555 1250
1043 554 1251
1039 554 1252
1036 554 1253
1032 553 1254
1028 552 1255
1025 552 1256
1022 552 1257
1017 551 1258
1014 551 1259
1011 550 1260
1006 549 1261
1003 549 1262
1000 549 1263
996 548 1264
992 547 1265
989 547 1266
985 546 1267
982 546 1268
978 544 1269
976 544 1270
971 544 1271
968 542 1272
964 542 1273
960 541 1274
956 540 1275
953 539 1276
948 539 1277
945 537 1278
940 536 1279
936 536 1280
931 534 1281
928 534 1282
922 533 1283
919 532 1284
913 530 1285
909 530 1286
905 528 1287
900 528 1288
895 527 1289
891 525 1290
885 524 1291
881 523 1292
876 521 1293
871 521 1294
866 519 1295
861 518 1296
855 517 1297
851 515 1298
845 515 1299
840 513 1300
835 511 1301
829 511 1302
824 509 1303
818 508 1304
813 507 1305
808 505 1306
801 503 1307
796 502 1308
790 500 1309
783 499 1310
778 497 1311
771 495 1312
765 494 1313
758 492 1314
752 490 1315
744 488 1316
738 487 1317
730 485 1318
723 483 1319
716 481 1320
708 480 1321
700 477 1322
693 476 1323
685 474 1324
676 472 1325
668 470 1326
660 468 1327
652 466 1328
642 464 1329
635 461 1330
625 459 1331
617 457 1332
607 455 1333
598 452 1334
589 449 1335
579 447 1336
570 445 1337
561 442 1338
551 439 1339
541 436 1340
531 434 1341
520 430 1342
511 427 1343
500 424 1344
489 421 1345
480 417 1346
468 414 1347
457 410 1348
447 407 1349
435 403 1350
424 400 1351
412 395 1352
401 392 1353
390 388 1354
378 384 1355
366 379 1356
354 376 1357
343 371 1358
330 367 1359
317 362 1360
306 358 1361
293 353 1362
280 349 1363
268 344 1364
255 339 1365
242 334 1366
229 330 1367
217 324 1368
203 320 1369
190 315 1370
177 311 1371
163 305 1372
151 301 1373
137 297 1374
125 292 1375
111 287 1376
98 283 1377
84 278 1378
71 273 1379
57 269 1380
44 263 1381
31 259 1382
987 50 1547
987 50 1548
986 53 1549
986 57 1550
986 60 1551
985 63 1552
984 66 1553
984 69 1554
985 72 1555
983 74 1556
985 78 1557
983 80 1558
987 84 1559
986 87 1560
987 90 1561
990 93 1562
992 95 1563
993 98 1564
998 103 1565
1001 105 1566
1004 108 1567
1007 112 1568
1010 115 1569
1015 118 1570
1017 121 1571
1023 124 1572
1027 128 1573
1032 131 1574
1038 135 1575
1042 138 1576
1047 141 1577
1053 144 1578
1059 147 1579
1065 150 1580
1070 153 1581
1076 156 1582
1083 161 1583
1089 163 1584
1094 167 1585
1101 170 1586
1107 173 1587
1114 177 1588
1120 180 1589
1127 183 1590
1132 185 1591
1139 189 1592
1146 192 1593
1150 194 1594
1156 197 1595
1161 200 1596
1166 202 1597
1172 207 1598
1177 208 1599
1183 211 1600
1186 214 1601
1193 217 1602
1197 220 1603
1201 223 1604
1205 225 1605
1210 227 1606
1215 230 1607
1220 233 1608
1225 236 1609
1229 238 1610
1233 241 1611
1237 243 1612
1242 245 1613
1246 248 1614
1250 251 1615
1254 253 1616
1257 255 1617
1262 257 1618
1266 260 1619
1270 262 1620
1273 265 1621
1276 267 1622
1280 269 1623
1284 271 1624
1288 273 1625
1290 276 1626
1293 278 1627
1297 280 1628
1301 282 1629
1304 284 1630
1308 286 1631
1311 288 1632
1314 290 1633
1317 292 1634
1320 294 1635
1323 296 1636
1327 298 1637
1330 299 1638
1332 302 1639
1334 303 1640
1337 305 1641
1338 307 1642
1341 308 1643
1343 310 1644
1344 312 1645
1346 314 1646
1346 316 1647
1348 318 1648
1348 320 1649
1350 321 1650
1351 323 1651
1352 325 1652
1354 326 1653
1355 328 1654
1356 330 1655
1356 332 1656
1358 332 1657
1358 334 1658
1359 336 1659
1360 338 1660
1360 340 1661
1362 341 1662
1361 342 1663
1362 344 1664
1363 345 1665
1363 347 1666
1364 348 1667
1364 349 1668
1365 351 1669
1366 353 1670
1366 354 1671
1366 355 1672
1367 357 1673
1367 358 1674
1367 360 1675
1368 361 1676
1368 363 1677
1368 364 1678
1369 366 1679
1369 366 1680
1369 367 1681
1369 369 1682
1369 370 1683
1370 371 1684
1369 372 1685
1369 374 1686
1370 375 1687
1369 376 1688
1369 378 1689
1369 379 1690
1369 379 1691
1368 380 1692
1367 382 1693
1366 383 1694
1366 383 1695
1364 384 1696
1363 385 1697
1362 386 1698
1360 387 1699
1358 387 1700
1356 389 1701
1353 390 1702
1351 391 1703
1348 393 1704
1346 393 1705
1344 395 1706
1340 396 1707
1338 397 1708
1334 397 1709
1331 398 1710
1327 399 1711
1325 401 1712
1321 402 1713
1318 402 1714
1315 403 1715
1310 404 1716
1308 405 1717
1303 406 1718
1301 407 1719
1296 407 1720
1293 407 1721
1289 408 1722
1286 409 1723
1283 410 1724
1278 410 1725
1275 410 1726
1272 410 1727
1268 411 1728
1265 412 1729
1261 412 1730
1257 412 1731
1254 412 1732
1250 413 1733
1247 414 1734
1244 413 1735
1240 413 1736
1236 414 1737
1233 414 1738
1228 415 1739
1225 414 1740
1221 414 1741
1217 414 1742
1214 414 1743
1210 414 1744
1207 415 1745
1203 415 1746
1200 415 1747
1196 415 1748
1193 415 1749
1189 415 1750
1186 415 1751
1183 415 1752
1179 414 1753
1176 414 1754
1173 415 1755
1170 414 1756
1167 414 1757
1164 414 1758
1161 414 1759
1158 413 1760
1155 413 1761
1152 413 1762
1149 412 1763
1146 412 1764
1143 411 1765
1139 411 1766
1136 411 1767
1132 410 1768
1128 409 1769
1125 409 1770
1121 409 1771
1118 408 1772
1113 408 1773
1109 407 1774
1104 406 1775
1100 406 1776
1096 406 1777
1091 404 1778
1087 404 1779
1082 403 1780
1078 403 1781
1072 402 1782
1067 401 1783
1062 401 1784
1058 399 1785
1053 399 1786
1048 398 1787
1044 397 1788
1038 397 1789
1033 395 1790
1028 394 1791
1023 393 1792
1018 392 1793
1012 391 1794
1007 390 1795
1002 389 1796
997 389 1797
991 387 1798
986 386 1799
980 385 1800
974 384 1801
968 383 1802
963 382 1803
958 380 1804
951 379 1805
946 377 1806
940 377 1807
934 375 1808
928 374 1809
922 373 1810
916 371 1811
910 369 1812
903 368 1813
897 368 1814
891 366 1815
886 364 1816
879 363 1817
872 361 1818
867 360 1819
860 358 1820
853 357 1821
846 355 1822
840 353 1823
833 352 1824
827 350 1825
821 348 1826
814 347 1827
808 345 1828
801 343 1829
795 341 1830
788 339 1831
781 337 1832
775 336 1833
768 334 1834
761 332 1835
754 331 1836
748 329 1837
742 327 1838
735 325 1839
728 324 1840
721 322 1841
715 320 1842
709 319 1843
703 316 1844
696 315 1845
690 313 1846
683 311 1847
677 309 1848
670 308 1849
663 306 1850
658 304 1851
652 302 1852
644 300 1853
638 299 1854
632 296 1855
627 295 1856
620 293 1857
613 291 1858
608 290 1859
601 287 1860
595 286 1861
590 284 1862
584 281 1863
579 279 1864
574 277 1865
569 274 1866
565 272 1867
560 270 1868
557 268 1869
553 266 1870
550 263 1871
546 261 1872
544 259 1873
540 257 1874
538 254 1875
537 252 1876
534 250 1877
533 248 1878
532 245 1879
531 242 1880
531 240 1881
530 237 1882
531 235 1883
530 233 1884
531 230 1885
532 228 1886
533 225 1887
535 223 1888
536 221 1889
538 218 1890
541 215 1891
543 212 1892
546 210 1893
549 208 1894
553 206 1895
557 203 1896
561 200 1897
565 198 1898
570 196 1899
575 193 1900
581 191 1901
586 189 1902
592 187 1903
598 184 1904
605 182 1905
611 179 1906
618 177 1907
626 176 1908
633 174 1909
641 171 1910
649 169 1911
657 168 1912
666 165 1913
675 163 1914
684 162 1915
693 160 1916
703 158 1917
713 156 1918
723 154 1919
733 153 1920
743 152 1921
754 151 1922
765 149 1923
776 148 1924
787 147 1925
798 145 1926
810 145 1927
822 143 1928
834 142 1929
845 142 1930
858 140 1931
870 139 1932
883 139 1933
896 139 1934
908 138 1935
921 137 1936
935 136 1937
948 136 1938
963 136 1939
976 135 1940
989 134 1941
1003 134 1942
1017 134 1943
1031 133 1944
1046 134 1945
1060 133 1946
1075 133 1947
1090 133 1948
1104 133 1949
1119 133 1950
1134 133 1951
1148 133 1952
1163 134 1953
1179 134 1954
1193 134 1955
1208 134 1956
1223 134 1957
1238 135 1958
1253 136 1959
1267 137 1960
1282 137 1961
1297 138 1962
1312 139 1963
1327 139 1964
1340 140 1965
1355 141 1966
1369 141 1967
1383 141 1968
1396 142 1969
1410 142 1970
1423 143 1971
1437 144 1972
1449 144 1973
1463 144 1974
1475 145 1975
1488 146 1976
1500 146 1977
1512 146 1978
1524 147 1979
1536 148 1980
1548 148 1981
1559 148 1982
1571 149 1983
1582 150 1984
1593 151 1985
1604 151 1986
1614 151 1987
1625 152 1988
1635 152 1989
1646 153 1990
1656 154 1991
1665 155 1992
1676 155 1993
1685 156 1994
1695 156 1995
1704 156 1996
1713 157 1997
1722 159 1998
1731 159 1999
1740 159 2000
1749 159 2001
1757 160 2002
1765 161 2003
1773 162 2004
1780 162 2005
1788 164 2006
1795 164 2007
1801 164 2008
1808 165 2009
1813 166 2010
1818 167 2011
1823 168 2012
1828 168 2013
1832 169 2014
1835 171 2015
1839 171 2016
1841 172 2017
1844 174 2018
1846 174 2019
1848 176 2020
1849 177 2021
1851 179 2022
1851 180 2023
1851 182 2024
1852 183 2025
1851 185 2026
1851 186 2027
1850 187 2028
1849 189 2029
1847 190 2030
1846 192 2031
1843 193 2032
1841 195 2033
1838 196 2034
1835 198 2035
1832 199 2036
1828 202 2037
1825 202 2038
1820 204 2039
1815 205 2040
1810 207 2041
1806 209 2042
1801 210 2043
1796 212 2044
1789 214 2045
1783 216 2046
1778 217 2047
1771 219 2048
1764 221 2049
1757 223 2050
1750 225 2051
1742 227 2052
1735 228 2053
1727 230 2054
1720 232 2055
1711 234 2056
1703 236 2057
1694 238 2058
1686 240 2059
1676 242 2060
1667 243 2061
1658 246 2062
1649 248 2063
1639 250 2064
1629 252 2065
1619 254 2066
1609 256 2067
1600 259 2068
1589 261 2069
1580 263 2070
1570 266 2071
1560 267 2072
1551 270 2073
1541 272 2074
1531 274 2075
1522 277 2076
1513 278 2077
1504 280 2078
1495 282 2079
1487 284 2080
1478 286 2081
1470 287 2082
1462 288 2083
1453 291 2084
1445 292 2085
1436 294 2086
1429 295 2087
1422 296 2088
1414 297 2089
1406 298 2090
1398 298 2091
1391 299 2092
1384 299 2093
1377 300 2094
1370 300 2095
1363 299 2096
1356 299 2097
1349 297 2098
1342 297 2099
1335 296 2100
1329 295 2101
1321 295 2102
1315 293 2103
1308 293 2104
1301 291 2105
1294 290 2106
1289 288 2107
1282 288 2108
1275 287 2109
1269 286 2110
1263 284 2111
1256 284 2112
1250 282 2113
1245 282 2114
1240 280 2115
1234 278 2116
1229 277 2117
1223 277 2118
1218 274 2119
1212 274 2120
1208 272 2121
1203 271 2122
1198 270 2123
1194 268 2124
1189 267 2125
1185 265 2126
1180 264 2127
1177 262 2128
1172 261 2129
1169 259 2130
1165 258 2131
1161 256 2132
1158 254 2133
1155 253 2134
1151 251 2135
1149 249 2136
1146 247 2137
1143 245 2138
1140 244 2139
1138 241 2140
1135 239 2141
1133 238 2142
1131 235 2143
1129 233 2144
1127 232 2145
1127 229 2146
1124 227 2147
1122 225 2148
1121 223 2149
1117 221 2150
1117 219 2151
1116 217 2152
1113 214 2153
1111 212 2154
1109 210 2155
1108 208 2156
1106 206 2157
1104 204 2158
1104 201 2159
1102 198 2160
1101 196 2161
1100 194 2162
1100 191 2163
1098 189 2164
1098 187 2165
1097 184 2166
1097 182 2167
1097 180 2168
1097 177 2169
1097 175 2170
1097 172 2171
1097 170 2172
1098 167 2173
1098 165 2174
1097 162 2175
1098 159 2176
1098 156 2177
1098 154 2178
1098 151 2179
1098 149 2180
1098 146 2181
1098 143 2182
1098 140 2183
1098 137 2184
1098 135 2185
1098 132 2186
1098 130 2187
1098 126 2188
1098 124 2189
1098 121 2190
1098 119 2191
1098 115 2192
1098 113 2193
1098 110 2194
1098 107 2195
1098 105 2196
1098 101 2197
1098 98 2198
1098 96 2199
1098 93 2200
1098 91 2201
1098 88 2202
1098 86 2203
1098 84 2204
1099 82 2205
1098 80 2206
1099 79 2207
1098 79 2208
1099 78 2209
1099 78 2210
1098 78 2211
1098 77 2212
1099 78 2213
1099 79 2214
1100 80 2215
1100 81 2216
1100 83 2217
1101 84 2218
1101 86 2219
1101 87 2220
1102 88 2221
1102 90 2222
1102 92 2223
1102 94 2224
1102 95 2225
1103 97 2226
1102 98 2227
1103 100 2228
1102 101 2229
1102 103 2230
1103 105 2231
1102 106 2232
1102 108 2233
1102 110 2234
1102 111 2235
1102 113 2236
1102 115 2237
1102 116 2238
1101 118 2239
1101 120 2240
1101 122 2241
1101 124 2242
1102 124 2243
1102 126 2244
1102 128 2245
1102 129 2246
1102 131 2247
1102 132 2248
1103 134 2249
1102 135 2250
1102 137 2251
1103 138 2252
1103 140 2253
1103 142 2254
1103 143 2255
1103 144 2256
1103 146 2257
1104 147 2258
1103 149 2259
1103 150 2260
1104 151 2261
1104 153 2262
1104 155 2263
1104 157 2264
1104 158 2265
1104 160 2266
1104 162 2267
1105 162 2268
1104 164 2269
1104 166 2270
1105 167 2271
1104 169 2272
1105 171 2273
1105 172 2274
1104 173 2275
1104 174 2276
1105 177 2277
1105 178 2278
1104 179 2279
1104 180 2280
1105 183 2281
1104 184 2282
1104 186 2283
1104 187 2284
1105 188 2285
1104 190 2286
1104 192 2287
1104 194 2288
1104 195 2289
1104 197 2290
1104 198 2291
1104 200 2292
1104 201 2293
1104 203 2294
1104 204 2295
1104 206 2296
1104 208 2297
1104 208 2298
1103 210 2299
1103 212 2300
1104 214 2301
1104 214 2302
1104 216 2303
1103 218 2304
1104 219 2305
1104 220 2306
1103 222 2307
1103 224 2308
1104 225 2309
1103 226 2310
1103 228 2311
1103 230 2312
1103 231 2313
1103 233 2314
1103 234 2315
1104 235 2316
1103 237 2317
1104 240 2318
1104 240 2319
1103 241 2320
1103 243 2321
1104 245 2322
1104 247 2323
1103 249 2324
1103 250 2325
1104 252 2326
1104 253 2327
1103 254 2328
1103 257 2329
1104 258 2330
1104 259 2331
1103 261 2332
1103 263 2333
1103 265 2334
1103 266 2335
1104 268 2336
1103 269 2337
1103 271 2338
1103 273 2339
1104 274 2340
1103 275 2341
1103 277 2342
1104 279 2343
1103 280 2344
1103 282 2345
1103 284 2346
1103 286 2347
1103 286 2348
1103 288 2349
1103 290 2350
1103 292 2351
1103 294 2352
1103 295 2353
1103 296 2354
1103 299 2355
1103 299 2356
1102 301 2357
1102 303 2358
1102 305 2359
1102 306 2360
1103 308 2361
1102 310 2362
1103 310 2363
1102 312 2364
1103 314 2365
1102 315 2366
1102 317 2367
1103 318 2368
1102 319 2369
1103 321 2370
1102 323 2371
1102 324 2372
1103 326 2373
1103 327 2374
1103 328 2375
1103 330 2376
1104 331 2377
1103 333 2378
1103 334 2379
1104 336 2380
1103 337 2381
1103 339 2382
1104 341 2383
1103 342 2384
1103 344 2385
1103 345 2386
1103 346 2387
1104 348 2388
1103 350 2389
1103 351 2390
1103 353 2391
1103 354 2392
1103 355 2393
1103 357 2394
1104 358 2395
1103 360 2396
1104 361 2397
1104 362 2398
1103 364 2399
1103 366 2400
1104 367 2401
1104 369 2402
1104 370 2403
1104 371 2404
1103 373 2405
1103 375 2406
1104 376 2407
1104 378 2408
1104 380 2409
1103 381 2410
1103 382 2411
1104 383 2412
1103 385 2413
1103 387 2414
1103 389 2415
1103 391 2416
1103 392 2417
1103 393 2418
1103 395 2419
1103 397 2420
1103 398 2421
1103 399 2422
1103 401 2423
1103 403 2424
1103 404 2425
1103 407 2426
1103 408 2427
1103 410 2428
1103 411 2429
1103 413 2430
1104 414 2431
1103 416 2432
1104 418 2433
1103 420 2434
1103 421 2435
1104 422 2436
1104 424 2437
1104 426 2438
1104 428 2439
1104 429 2440
1104 431 2441
1104 433 2442
1104 434 2443
1104 436 2444
1104 438 2445
1105 439 2446
1104 441 2447
1105 442 2448
1105 443 2449
1105 445 2450
1105 446 2451
1105 448 2452
1105 449 2453
1105 450 2454
1105 450 2455
1104 451 2456
1105 451 2457
1104 451 2458
1104 452 2459
1104 452 2460
1104 452 2461
1104 452 2462
1104 452 2463
1103 453 2464
1104 452 2465
1104 452 2466
1103 453 2467
1103 452 2468
1104 452 2469
1104 452 2470
1105 453 2471
1105 452 2472
1105 452 2473
1106 452 2474
1107 452 2475
1108 453 2476
1108 452 2477
1109 453 2478
1110 453 2479
1111 453 2480
1112 453 2481
1112 453 2482
1114 454 2483
1115 455 2484
1116 455 2485
1118 456 2486
1119 456 2487
1120 457 2488
1122 457 2489
1124 458 2490
1124 458 2491
1126 459 2492
1128 459 2493
1130 461 2494
1131 461 2495
1132 462 2496
1134 462 2497
1136 464 2498
1139 464 2499
1140 465 2500
1142 466 2501
1145 466 2502
1147 467 2503
1149 469 2504
1151 469 2505
1154 470 2506
1156 470 2507
1158 471 2508
1160 473 2509
1163 473 2510
1166 474 2511
1168 475 2512
1171 475 2513
1173 477 2514
1176 477 2515
1178 478 2516
1181 479 2517
1184 480 2518
1186 481 2519
1189 481 2520
1192 482 2521
1194 483 2522
1197 483 2523
1200 484 2524
1202 485 2525
1205 486 2526
1207 486 2527
1210 486 2528
1212 487 2529
1215 488 2530
1217 488 2531
1219 489 2532
1222 489 2533
1223 490 2534
1226 490 2535
1228 491 2536
1230 491 2537
1232 492 2538
1233 492 2539
1236 492 2540
1237 493 2541
1239 493 2542
1241 494 2543
1243 494 2544
1244 495 2545
1245 495 2546
1247 496 2547
1248 496 2548
1250 496 2549
1250 497 2550
1251 496 2551
1252 497 2552
1252 498 2553
1253 497 2554
1253 498 2555
1253 498 2556
1253 498 2557
1253 498 2558
1252 500 2559
1251 499 2560
1251 499 2561
1250 500 2562
1248 501 2563
1247 501 2564
1245 501 2565
1243 502 2566
1241 502 2567
1240 503 2568
1238 503 2569
1235 503 2570
1233 504 2571
1231 504 2572
1228 504 2573
1225 505 2574
1223 506 2575
1219 506 2576
1216 506 2577
1212 507 2578
1210 508 2579
1205 509 2580
1201 509 2581
1198 509 2582
1194 510 2583
1189 511 2584
1185 512 2585
1181 513 2586
1176 513 2587
1172 514 2588
1167 514 2589
1163 515 2590
1158 516 2591
1153 516 2592
1148 516 2593
1144 517 2594
1138 518 2595
1133 518 2596
1128 519 2597
1123 520 2598
1118 521 2599
1112 521 2600
1107 521 2601
1102 521 2602
1097 522 2603
1091 524 2604
1087 523 2605
1082 524 2606
1077 525 2607
1073 525 2608
1068 526 2609
1064 526 2610
1059 526 2611
1054 527 2612
1050 527 2613
1045 527 2614
1041 528 2615
1036 528 2616
1032 529 2617
1028 530 2618
1023 530 2619
1018 531 2620
1014 531 2621
1010 531 2622
1005 532 2623
1001 533 2624
997 533 2625
992 534 2626
988 534 2627
984 534 2628
980 535 2629
975 535 2630
971 536 2631
966 536 2632
962 536 2633
958 536 2634
954 537 2635
949 537 2636
945 537 2637
940 537 2638
937 538 2639
932 538 2640
927 538 2641
923 538 2642
919 538 2643
914 538 2644
909 538 2645
905 538 2646
900 539 2647
896 539 2648
890 539 2649
885 539 2650
882 539 2651
876 539 2652
872 539 2653
867 539 2654
862 539 2655
857 539 2656
852 539 2657
847 538 2658
843 538 2659
838 538 2660
833 538 2661
829 537 2662
823 537 2663
819 537 2664
813 537 2665
809 537 2666
804 537 2667
799 537 2668
793 537 2669
788 537 2670
784 536 2671
779 536 2672
774 536 2673
770 535 2674
764 535 2675
759 535 2676
753 535 2677
748 534 2678
744 534 2679
739 534 2680
733 534 2681
728 533 2682
723 533 2683
718 533 2684
712 533 2685
707 532 2686
702 532 2687
696 532 2688
691 532 2689
685 531 2690
680 530 2691
674 530 2692
668 530 2693
662 530 2694
657 530 2695
650 530 2696
644 530 2697
638 529 2698
632 529 2699
626 529 2700
620 529 2701
613 529 2702
607 529 2703
600 529 2704
595 528 2705
588 528 2706
582 528 2707
575 528 2708
569 528 2709
563 528 2710
556 528 2711
551 528 2712
544 527 2713
537 527 2714
532 528 2715
526 528 2716
519 528 2717
513 527 2718
507 527 2719
500 527 2720
495 527 2721
488 527 2722
482 527 2723
476 526 2724
469 526 2725
464 525 2726
457 525 2727
451 525 2728
445 524 2729
438 524 2730
433 523 2731
427 523 2732
421 522 2733
415 522 2734
409 521 2735
403 521 2736
398 520 2737
392 519 2738
386 518 2739
381 518 2740
375 517 2741
370 516 2742
363 515 2743
358 515 2744
353 515 2745
347 513 2746
342 512 2747
337 512 2748
331 511 2749
326 510 2750
321 509 2751
316 508 2752
312 507 2753
307 506 2754
303 506 2755
298 504 2756
294 503 2757
290 502 2758
286 502 2759
283 501 2760
279 500 2761
275 499 2762
271 499 2763
269 497 2764
266 496 2765
263 495 2766
260 495 2767
258 493 2768
255 493 2769
253 492 2770
251 492 2771
249 490 2772
247 489 2773
245 489 2774
244 487 2775
242 487 2776
241 485 2777
240 485 2778
239 483 2779
238 482 2780
238 482 2781
237 481 2782
236 479 2783
236 478 2784
236 478 2785
236 476 2786
236 476 2787
237 475 2788
237 473 2789
238 473 2790
239 471 2791
240 470 2792
241 470 2793
242 468 2794
244 466 2795
245 466 2796
247 465 2797
248 463 2798
251 463 2799
252 462 2800
254 461 2801
256 459 2802
258 458 2803
262 458 2804
263 456 2805
266 455 2806
269 453 2807
272 453 2808
275 451 2809
278 450 2810
281 449 2811
285 449 2812
287 447 2813
290 446 2814
294 444 2815
297 443 2816
300 442 2817
303 441 2818
308 439 2819
310 438 2820
314 436 2821
317 436 2822
321 433 2823
324 432 2824
328 431 2825
332 429 2826
335 428 2827
339 427 2828
342 425 2829
347 424 2830
350 422 2831
354 420 2832
358 419 2833
362 418 2834
365 416 2835
369 414 2836
373 412 2837
377 411 2838
381 411 2839
384 408 2840
388 407 2841
392 405 2842
395 404 2843
399 401 2844
403 399 2845
408 399 2846
412 396 2847
416 394 2848
420 393 2849
425 391 2850
430 389 2851
434 387 2852
439 385 2853
444 384 2854
448 382 2855
454 379 2856
458 377 2857
463 376 2858
468 374 2859
474 371 2860
478 369 2861
483 367 2862
490 364 2863
494 362 2864
500 360 2865
505 358 2866
510 355 2867
516 352 2868
521 350 2869
526 348 2870
532 345 2871
537 342 2872
544 340 2873
549 338 2874
554 336 2875
561 333 2876
566 331 2877
572 328 2878
577 325 2879
584 322 2880
589 320 2881
596 317 2882
601 314 2883
607 312 2884
613 310 2885
619 306 2886
625 304 2887
631 301 2888
637 298 2889
643 295 2890
650 292 2891
657 289 2892
663 286 2893
670 283 2894
677 281 2895
684 277 2896
692 275 2897
699 271 2898
706 268 2899
715 265 2900
723 261 2901
732 258 2902
741 255 2903
750 252 2904
760 248 2905
770 245 2906
780 242 2907
791 240 2908
802 238 2909
813 235 2910
823 233 2911
835 230 2912
846 227 2913
858 225 2914
869 222 2915
881 219 2916
892 217 2917
904 214 2918
915 212 2919
927 210 2920
938 207 2921
949 204 2922
961 201 2923
973 198 2924
984 196 2925
996 194 2926
1008 192 2927
1019 190 2928
1030 188 2929
1042 185 2930
1053 184 2931
1064 182 2932
1075 180 2933
1086 178 2934
1095 177 2935
1105 175 2936
1115 174 2937
1125 173 2938
1133 171 2939
1142 170 2940
1150 171 2941
1158 170 2942
1165 169 2943
1173 169 2944
1180 170 2945
1187 170 2946
1194 170 2947
1199 171 2948
1206 171 2949
1211 172 2950
1217 172 2951
1222 173 2952
1227 175 2953
1233 175 2954
1237 176 2955
1242 178 2956
1247 179 2957
1251 181 2958
1255 183 2959
1259 185 2960
1264 186 2961
1267 189 2962
1271 190 2963
1274 192 2964
1277 195 2965
1282 197 2966
1285 199 2967
1288 202 2968
1291 205 2969
1294 207 2970
1297 210 2971
1299 212 2972
1302 215 2973
1305 218 2974
1308 221 2975
1310 224 2976
1313 227 2977
1316 230 2978
1318 233 2979
1321 236 2980
1324 240 2981
1326 242 2982
1329 246 2983
1333 249 2984
1335 253 2985
1338 256 2986
1341 258 2987
1345 261 2988
1348 265 2989
1350 267 2990
1354 270 2991
1357 272 2992
1360 276 2993
1364 278 2994
1367 280 2995
1369 283 2996
1373 285 2997
1376 287 2998
1379 290 2999
1384 292 3000
1386 295 3001
1389 297 3002
1393 299 3003
1396 301 3004
1399 304 3005
1403 306 3006
1405 308 3007
1408 310 3008
1411 313 3009
1414 315 3010
1417 317 3011
1420 319 3012
1422 321 3013
1425 323 3014
1428 325 3015
1430 327 3016
1433 328 3017
1435 331 3018
1437 333 3019
1439 335 3020
1440 337 3021
1441 339 3022
1443 341 3023
1444 344 3024
1446 345 3025
1446 347 3026
1447 349 3027
1447 351 3028
1449 353 3029
1449 355 3030
1449 357 3031
1448 359 3032
1448 361 3033
1448 363 3034
1446 365 3035
1445 367 3036
1443 369 3037
1441 371 3038
1440 374 3039
1438 376 3040
1435 378 3041
1433 380 3042
1430 382 3043
1427 384 3044
1424 386 3045
1420 388 3046
1417 391 3047
1414 393 3048
1411 395 3049
1407 397 3050
1404 399 3051
1400 401 3052
1397 403 3053
1393 405 3054
1391 406 3055
1387 408 3056
1383 410 3057
1380 413 3058
1377 414 3059
1373 416 3060
1371 417 3061
1367 419 3062
1364 421 3063
1360 423 3064
1358 424 3065
1354 426 3066
1351 428 3067
1347 430 3068
1344 432 3069
1340 433 3070
1338 434 3071
1334 437 3072
1331 437 3073
1328 439 3074
1324 441 3075
1321 443 3076
1318 444 3077
1314 446 3078
1311 447 3079
1307 448 3080
1305 450 3081
1301 451 3082
1298 453 3083
1294 454 3084
1291 455 3085
1288 456 3086
1284 457 3087
1282 458 3088
1279 460 3089
1276 461 3090
1273 462 3091
1270 463 3092
1266 464 3093
1263 466 3094
1260 466 3095
1257 468 3096
1254 469 3097
1251 471 3098
1248 471 3099
1246 473 3100
1242 474 3101
1240 474 3102
1236 475 3103
1233 477 3104
1230 477 3105
1227 478 3106
1223 480 3107
1220 480 3108
1218 482 3109
1215 482 3110
1211 483 3111
1208 483 3112
1205 484 3113
1202 485 3114
1199 486 3115
1196 487 3116
1193 487 3117
1190 488 3118
1186 488 3119
1183 489 3120
1181 490 3121
1177 490 3122
1175 491 3123
1171 491 3124
1169 492 3125
1165 492 3126
1162 493 3127
1159 493 3128
1156 493 3129
1153 494 3130
1150 494 3131
1147 495 3132
1144 495 3133
1141 495 3134
1139 495 3135
1136 496 3136
1133 496 3137
1130 496 3138
1127 496 3139
1125 496 3140
1123 497 3141
1120 497 3142
1118 497 3143
1116 497 3144
1114 497 3145
1112 497 3146
1110 497 3147
1108 497 3148
1107 497 3149
1105 497 3150
1103 497 3151
1102 497 3152
1100 497 3153
1099 497 3154
1099 496 3155
1096 496 3156
1096 497 3157
1095 496 3158
1094 496 3159
1094 495 3160
1092 495 3161
1092 495 3162
1091 495 3163
1091 495 3164
1090 495 3165
1090 495 3166
1090 494 3167
1090 494 3168
1090 494 3169
1089 493 3170
1090 492 3171
1090 492 3172
1089 492 3173
1090 492 3174
1090 491 3175
1090 491 3176
1092 490 3177
1092 489 3178
1093 489 3179
1093 488 3180
1093 488 3181
1094 487 3182
1095 487 3183
1096 487 3184
1097 486 3185
1098 485 3186
1099 484 3187
1100 483 3188
1102 483 3189
1102 482 3190
1104 482 3191
1106 481 3192
1106 480 3193
1109 478 3194
1109 478 3195
1111 478 3196
1114 476 3197
1116 476 3198
1117 475 3199
1119 473 3200
1122 472 3201
1124 471 3202
1127 471 3203
1129 470 3204
1132 468 3205
1134 467 3206
1137 467 3207
1142 465 3208
1144 464 3209
1148 463 3210
1152 462 3211
1155 460 3212
1158 458 3213
1162 458 3214
1167 456 3215
1170 455 3216
1175 454 3217
1177 452 3218
1182 451 3219
1186 449 3220
1190 449 3221
1194 446 3222
1198 445 3223
1201 444 3224
1205 442 3225
1209 440 3226
1212 440 3227
1217 438 3228
1221 436 3229
1225 434 3230
1229 432 3231
1232 432 3232
1237 429 3233
1241 427 3234
1245 426 3235
1249 424 3236
1254 422 3237
1258 420 3238
1262 419 3239
1267 417 3240
1272 415 3241
1277 413 3242
1281 411 3243
1286 409 3244
1291 407 3245
1296 405 3246
1301 404 3247
1306 402 3248
1310 400 3249
1316 397 3250
1320 395 3251
1325 394 3252
1330 391 3253
1335 389 3254
1340 387 3255
1345 385 3256
1349 383 3257
1354 381 3258
1358 378 3259
1362 377 3260
1367 375 3261
1370 373 3262
1375 371 3263
1378 369 3264
1381 367 3265
1385 365 3266
1388 364 3267
1391 361 3268
1393 360 3269
1396 358 3270
1399 357 3271
1400 355 3272
1403 354 3273
1404 354 3274
1405 352 3275
1407 351 3276
1408 350 3277
1408 349 3278
1410 349 3279
1410 348 3280
1410 347 3281
1411 346 3282
1410 346 3283
1411 345 3284
1411 345 3285
1410 345 3286
1410 345 3287
1410 345 3288
1410 345 3289
1409 345 3290
1409 344 3291
1408 344 3292
1407 344 3293
1407 345 3294
1406 345 3295
1405 346 3296
1404 346 3297
1403 347 3298
1402 347 3299
1401 347 3300
1400 348 3301
1398 349 3302
1397 350 3303
1395 350 3304
1393 352 3305
1393 352 3306
1390 353 3307
1388 354 3308
1387 355 3309
1385 356 3310
1383 358 3311
1382 359 3312
1379 360 3313
1377 362 3314
1375 363 3315
1372 364 3316
1371 366 3317
1368 368 3318
1366 369 3319
1363 370 3320
1360 372 3321
1358 374 3322
1355 376 3323
1352 377 3324
1349 379 3325
1347 380 3326
1344 383 3327
1340 385 3328
1337 386 3329
1335 389 3330
1332 390 3331
1329 392 3332
1326 394 3333
1323 396 3334
1320 398 3335
1317 400 3336
1314 402 3337
1311 403 3338
1308 405 3339
1305 408 3340
1301 409 3341
1299 412 3342
1296 413 3343
1293 416 3344
1289 417 3345
1287 420 3346
1284 421 3347
1281 424 3348
1278 425 3349
1275 427 3350
1272 429 3351
1270 431 3352
1266 433 3353
1263 436 3354
1260 437 3355
1257 439 3356
1254 441 3357
1251 443 3358
1249 445 3359
1246 447 3360
1243 449 3361
1241 452 3362
1238 454 3363
1235 456 3364
1233 458 3365
1230 459 3366
1228 461 3367
1226 463 3368
1224 465 3369
1221 467 3370
1219 469 3371
1217 470 3372
1215 472 3373
1212 474 3374
1211 474 3375
1208 476 3376
1206 478 3377
1204 479 3378
1202 481 3379
1200 482 3380
1198 482 3381
1196 484 3382
1193 486 3383
1192 486 3384
1190 487 3385
1188 489 3386
1186 490 3387
1185 492 3388
1182 492 3389
1181 494 3390
1180 494 3391
1177 496 3392
1176 496 3393
1174 497 3394
1172 498 3395
1171 499 3396
1168 501 3397
1167 501 3398
1165 502 3399
1164 502 3400
1162 504 3401
1161 504 3402
1158 505 3403
1157 506 3404
1155 508 3405
1154 508 3406
1152 509 3407
1151 510 3408
1149 511 3409
1148 511 3410
1146 512 3411
1145 512 3412
1143 513 3413
1141 514 3414
1140 514 3415
1138 515 3416
1137 517 3417
1136 517 3418
1134 517 3419
1133 518 3420
1131 519 3421
1130 520 3422
1128 520 3423
1127 521 3424
1125 521 3425
1124 522 3426
1123 522 3427
1121 522 3428
1120 523 3429
1119 523 3430
1117 524 3431
1116 524 3432
1114 524 3433
1112 524 3434
1111 525 3435
1110 525 3436
1107 526 3437
1105 527 3438
1105 526 3439
1103 527 3440
1102 527 3441
1100 528 3442
1098 528 3443
1096 528 3444
1095 528 3445
1093 528 3446
1092 529 3447
1090 528 3448
1088 529 3449
1087 529 3450
1085 529 3451
1083 529 3452
1082 529 3453
1080 529 3454
1078 529 3455
1077 529 3456
1075 529 3457
1074 529 3458
1071 529 3459
1071 530 3460
1068 530 3461
1066 530 3462
1064 529 3463
1063 529 3464
1061 529 3465
1059 529 3466
1058 529 3467
1055 529 3468
1053 529 3469
1051 529 3470
1050 528 3471
1048 528 3472
1045 528 3473
1043 528 3474
1042 528 3475
1039 527 3476
1037 527 3477
1036 527 3478
1034 527 3479
1031 526 3480
1030 526 3481
1027 526 3482
1025 526 3483
1023 526 3484
1021 525 3485
1019 525 3486
1016 525 3487
1015 524 3488
1012 524 3489
1010 524 3490
1008 523 3491
1005 523 3492
1004 523 3493
1001 522 3494
999 521 3495
996 521 3496
995 521 3497
992 520 3498
990 520 3499
987 519 3500
984 519 3501
982 518 3502
979 518 3503
977 517 3504
974 517 3505
971 516 3506
969 516 3507
967 515 3508
964 514 3509
961 514 3510
959 514 3511
956 513 3512
952 513 3513
949 512 3514
947 511 3515
944 511 3516
941 510 3517
937 509 3518
934 509 3519
932 507 3520
929 507 3521
925 506 3522
922 506 3523
920 505 3524
916 504 3525
914 503 3526
910 503 3527
907 502 3528
904 501 3529
901 501 3530
897 500 3531
894 499 3532
892 498 3533
887 497 3534
884 496 3535
882 495 3536
878 494 3537
874 493 3538
871 493 3539
868 492 3540
864 491 3541
861 490 3542
859 489 3543
856 488 3544
853 488 3545
849 487 3546
846 486 3547
844 485 3548
840 484 3549
837 482 3550
835 482 3551
831 480 3552
828 479 3553
824 478 3554
822 477 3555
819 476 3556
815 475 3557
812 474 3558
809 473 3559
806 472 3560
801 470 3561
798 469 3562
795 468 3563
791 467 3564
788 466 3565
785 464 3566
780 462 3567
777 462 3568
774 460 3569
770 458 3570
767 457 3571
764 455 3572
760 455 3573
756 454 3574
754 452 3575
751 450 3576
748 448 3577
745 448 3578
742 445 3579
739 444 3580
737 442 3581
734 441 3582
732 439 3583
729 437 3584
727 436 3585
725 433 3586
722 431 3587
720 430 3588
718 428 3589
716 426 3590
714 425 3591
712 423 3592
710 421 3593
708 419 3594
706 417 3595
705 415 3596
703 413 3597
702 410 3598
701 408 3599
699 407 3600
699 405 3601
699 402 3602
699 400 3603
699 398 3604
699 396 3605
699 394 3606
701 392 3607
701 390 3608
702 387 3609
703 385 3610
705 383 3611
707 381 3612
708 379 3613
710 376 3614
712 374 3615
713 372 3616
715 369 3617
717 367 3618
720 364 3619
721 362 3620
724 360 3621
726 357 3622
729 355 3623
731 352 3624
733 350 3625
735 347 3626
738 345 3627
742 341 3628
744 339 3629
747 336 3630
750 333 3631
753 330 3632
756 328 3633
761 325 3634
763 322 3635
768 320 3636
771 317 3637
775 314 3638
779 312 3639
783 308 3640
787 306 3641
791 302 3642
796 300 3643
800 296 3644
805 294 3645
809 290 3646
814 287 3647
819 284 3648
824 280 3649
829 277 3650
835 273 3651
840 270 3652
847 266 3653
852 263 3654
859 260 3655
866 256 3656
874 253 3657
881 250 3658
889 247 3659
897 244 3660
904 241 3661
912 238 3662
921 235 3663
930 231 3664
940 228 3665
949 225 3666
958 223 3667
968 220 3668
978 218 3669
987 214 3670
998 213 3671
1007 211 3672
1017 208 3673
1027 206 3674
1037 205 3675
1047 202 3676
1056 201 3677
1066 200 3678
1076 199 3679
1085 197 3680
1095 197 3681
1104 195 3682
1114 195 3683
1123 194 3684
1133 193 3685
1141 192 3686
1151 192 3687
1160 192 3688
1169 192 3689
1177 192 3690
1186 192 3691
1196 192 3692
1204 192 3693
1213 193 3694
1221 193 3695
1230 194 3696
1237 195 3697
1245 195 3698
1253 195 3699
1262 196 3700
1269 198 3701
1277 199 3702
1284 200 3703
1291 201 3704
1299 203 3705
1304 204 3706
1311 205 3707
1318 207 3708
1325 209 3709
1332 211 3710
1338 213 3711
1345 215 3712
1351 217 3713
1357 219 3714
1364 221 3715
1369 223 3716
1376 225 3717
1382 227 3718
1390 230 3719
1395 233 3720
1402 235 3721
1410 238 3722
1417 240 3723
1423 243 3724
1430 244 3725
1437 247 3726
1444 249 3727
1450 250 3728
1457 252 3729
1464 254 3730
1470 256 3731
1476 258 3732
1483 260 3733
1490 260 3734
1495 262 3735
1501 264 3736
1506 265 3737
1512 267 3738
1519 268 3739
1524 270 3740
1529 270 3741
1534 271 3742
1539 272 3743
1544 274 3744
1549 276 3745
1554 277 3746
1559 278 3747
1563 279 3748
1569 280 3749
1573 282 3750
1577 283 3751
1582 285 3752
1586 287 3753
1591 290 3754
1595 293 3755
1599 294 3756
1603 297 3757
1607 300 3758
1611 302 3759
1614 305 3760
1618 308 3761
1622 310 3762
1625 313 3763
1630 316 3764
1632 318 3765
1635 320 3766
1638 323 3767
1642 326 3768
1645 329 3769
1648 331 3770
1652 334 3771
1655 337 3772
1657 339 3773
1660 342 3774
1663 345 3775
1666 347 3776
1668 350 3777
1671 353 3778
1674 355 3779
1676 358 3780
1678 360 3781
1680 363 3782
1683 366 3783
1685 368 3784
1688 371 3785
1689 373 3786
1692 375 3787
1694 377 3788
1696 379 3789
1698 382 3790
1700 384 3791
1702 386 3792
1704 388 3793
1705 390 3794
1707 393 3795
1709 395 3796
1710 397 3797
1712 399 3798
1713 402 3799
1715 403 3800
1716 405 3801
1717 408 3802
1718 410 3803
1720 413 3804
1720 415 3805
1722 417 3806
1723 419 3807
1723 421 3808
1724 424 3809
1725 426 3810
1727 428 3811
1727 431 3812
1728 433 3813
1728 435 3814
1729 438 3815
1729 439 3816
1730 442 3817
1730 443 3818
1730 445 3819
1731 448 3820
1732 450 3821
1731 451 3822
1732 453 3823
1732 456 3824
1731 457 3825
1731 459 3826
1732 461 3827
1732 463 3828
1731 465 3829
1731 467 3830
1730 469 3831
1730 470 3832
1730 472 3833
1730 474 3834
1729 476 3835
1728 478 3836
1728 479 3837
1727 481 3838
1727 482 3839
1727 484 3840
1726 485 3841
1725 487 3842
1725 489 3843
1723 491 3844
1723 492 3845
1722 495 3846
1721 495 3847
1721 497 3848
1721 498 3849
1720 499 3850
1720 501 3851
1719 502 3852
1718 503 3853
1717 504 3854
1717 505 3855
1717 506 3856
1717 507 3857
1717 508 3858
1716 509 3859
1716 509 3860
1715 510 3861
1715 511 3862
1715 512 3863
1715 513 3864
1714 513 3865
1714 514 3866
1714 515 3867
1714 516 3868
1714 516 3869
1714 517 3870
1714 517 3871
1714 518 3872
1714 518 3873
1714 519 3874
1714 519 3875
1714 519 3876
1714 520 3877
1715 520 3878
1715 520 3879
1716 520 3880
1716 520 3881
1716 520 3882
1717 521 3883
1716 521 3884
1716 522 3885
1716 522 3886
1717 523 3887
1717 522 3888
1717 523 3889
1717 523 3890
1717 523 3891
1717 524 3892
1717 524 3893
1717 524 3894
1717 525 3895
1717 525 3896
1717 525 3897
1718 526 3898
1717 527 3899
1718 527 3900
1717 527 3901
1717 527 3902
1718 528 3903
1718 529 3904
1718 529 3905
1718 529 3906
1719 530 3907
1719 530 3908
1718 531 3909
1718 531 3910
1719 532 3911
1719 532 3912
1719 533 3913
1719 533 3914
1718 534 3915
1718 534 3916
1719 534 3917
1718 535 3918
1718 535 3919
1719 537 3920
1718 536 3921
1718 537 3922
1719 537 3923
1718 538 3924
1718 538 3925
1718 539 3926
1718 539 3927
1718 540 3928
1718 540 3929
1718 540 3930
1717 541 3931
1717 541 3932
1718 542 3933
1717 542 3934
1717 543 3935
1717 543 3936
1717 543 3937
1717 543 3938
1717 544 3939
1717 544 3940
1717 544 3941
1717 545 3942
1718 546 3943
1717 546 3944
1717 546 3945
1717 547 3946
1717 547 3947
1717 547 3948
1717 547 3949
1717 547 3950
1717 548 3951
1718 549 3952
1717 549 3953
1718 549 3954
1717 549 3955
1717 550 3956
1718 550 3957
1718 551 3958
1717 551 3959
1717 551 3960
1718 552 3961
1718 552 3962
1718 552 3963
1718 552 3964
1718 552 3965
1718 553 3966
1718 553 3967
1718 553 3968
1718 553 3969
1718 553 3970
1718 554 3971
1718 554 3972
1718 554 3973
1718 554 3974
1718 555 3975
1718 555 3976
1718 555 3977
1718 555 3978
1718 555 3979
1718 555 3980
1718 556 3981
1718 556 3982
1718 557 3983
1718 557 3984
1718 557 3985
1718 557 3986
1718 557 3987
1718 558 3988
1719 557 3989
1718 557 3990
1718 557 3991
1719 558 3992
1719 558 3993
1719 559 3994
1719 558 3995
1719 558 3996
1719 559 3997
1719 559 3998
1720 559 3999
1719 560 4000
1719 559 4001
1719 559 4002
1719 560 4003
1720 560 4004
1720 560 4005
1719 560 4006
1719 560 4007
1720 561 4008
1720 561 4009
1720 561 4010
1720 561 4011
1720 561 4012
1720 561 4013
1720 562 4014
1720 561 4015
1720 561 4016
1720 561 4017
1720 562 4018
1720 562 4019
1720 562 4020
1720 562 4021
1720 562 4022
1720 563 4023
1720 563 4024
1720 563 4025
1720 563 4026
1720 563 4027
1720 563 4028
1720 563 4029
1721 563 4030
1720 563 4031
1720 563 4032
1720 563 4033
1720 563 4034
1720 564 4035
1720 563 4036
1720 563 4037
1720 564 4038
1720 564 4039
1720 563 4040
1720 563 4041
1720 564 4042
1720 564 4043
1720 563 4044
1720 563 4045
1720 564 4046
1720 564 4047
1720 564 4048
1720 563 4049
1720 563 4050
1720 563 4051
1720 563 4052
1721 564 4053
1720 564 4054
1720 564 4055
1720 563 4056
1721 563 4057
1720 564 4058
1721 563 4059
1720 563 4060
1721 564 4061
1721 563 4062
1720 563 4063
1721 563 4064
1721 563 4065
1721 563 4066
1721 563 4067
1721 563 4068
1721 563 4069
1721 564 4070
1721 563 4071
1721 563 4072
1721 563 4073
1722 563 4074
1722 563 4075
1722 563 4076
1722 563 4077
1722 563 4078
1722 563 4079
1722 563 4080
1723 563 4081
1722 563 4082
1722 563 4083
1723 563 4084
1723 562 4085
1722 561 4086
1723 561 4087
1723 560 4088
1722 558 4089
1722 556 4090
1722 556 4091
1722 553 4092
1721 551 4093
1721 549 4094
1721 546 4095
1720 544 4096
1720 541 4097
1720 538 4098
1720 534 4099
1719 531 4100
1719 527 4101
1719 523 4102
1718 519 4103
1717 515 4104
1717 510 4105
1717 506 4106
1715 501 4107
1715 496 4108
1714 491 4109
1714 485 4110
1712 479 4111
1712 473 4112
1711 468 4113
1711 462 4114
1710 455 4115
1709 449 4116
1708 443 4117
1708 436 4118
1707 429 4119
1707 423 4120
1706 416 4121
1706 410 4122
1704 403 4123
1704 396 4124
1703 390 4125
1703 384 4126
1702 377 4127
1701 371 4128
1700 365 4129
1700 358 4130
1699 351 4131
1699 345 4132
1698 338 4133
1698 332 4134
1698 325 4135
1697 319 4136
1696 312 4137
1695 305 4138
1696 299 4139
1694 293 4140
1694 286 4141
1693 280 4142
1693 274 4143
1692 267 4144
1691 261 4145
1691 255 4146
1690 248 4147
1689 242 4148
1689 236 4149
1688 229 4150
1687 222 4151
1687 217 4152
1686 210 4153
1686 204 4154
1685 198 4155
1685 191 4156
1684 185 4157
1684 180 4158
1683 174 4159
1683 169 4160
1682 163 4161
1682 157 4162
1681 151 4163
1681 146 4164
1681 141 4165
1681 137 4166
1681 132 4167
1680 127 4168
1680 122 4169
1680 117 4170
1680 113 4171
1680 109 4172
1680 104 4173
1679 100 4174
1679 97 4175
1679 93 4176
1679 89 4177
1679 86 4178
1679 82 4179
1678 79 4180
1678 75 4181
1678 72 4182
1678 69 4183
1678 66 4184
1678 63 4185
1677 60 4186
1677 57 4187
1677 54 4188
1677 51 4189
1677 49 4190
1677 46 4191
1676 44 4192
1676 42 4193
1676 39 4194
1676 37 4195
1675 35 4196
1675 33 4197
1675 31 4198
1675 29 4199
1675 27 4200
1675 25 4201
1675 24 4202
1675 22 4203
1674 20 4204
1675 18 4205
1674 16 4206
1674 14 4207
1674 13 4208
1674 12 4209
1674 11 4210
1674 10 4211
1674 9 4212
1674 8 4213
1674 6 4214
1674 5 4215
1674 3 4216
1674 2 4217
1674 0 4218
1674 0 4219
1674 0 4220
