1423 546 733
1423 546 734
1421 546 735
1419 545 736
1416 546 737
1414 546 738
1412 546 739
1411 547 740
1409 546 741
1405 546 742
1402 546 743
1399 546 744
1396 546 745
1393 548 746
1390 546 747
1386 547 748
1384 548 749
1380 548 750
1376 547 751
1374 547 752
1370 548 753
1367 548 754
1364 548 755
1361 550 756
1356 548 757
1353 550 758
1349 549 759
1347 549 760
1344 550 761
1341 550 762
1338 550 763
1334 550 764
1331 550 765
1328 550 766
1325 551 767
1322 550 768
1318 552 769
1315 551 770
1310 552 771
1306 551 772
1303 552 773
1298 552 774
1293 550 775
1290 550 776
1285 551 777
1279 551 778
1275 551 779
1271 551 780
1265 552 781
1259 552 782
1253 551 783
1248 552 784
1242 554 785
1237 553 786
1232 553 787
1225 553 788
1219 554 789
1214 554 790
1208 554 791
1203 553 792
1198 554 793
1192 554 794
1186 553 795
1182 555 796
1176 555 797
1171 555 798
1165 555 799
1160 555 800
1156 556 801
1150 555 802
1146 555 803
1140 556 804
1137 557 805
1131 556 806
1126 555 807
1122 556 808
1117 556 809
1113 556 810
1109 557 811
1104 557 812
1099 557 813
1095 557 814
1090 556 815
1086 556 816
1082 556 817
1078 556 818
1073 556 819
1069 556 820
1065 556 821
1063 556 822
1058 556 823
1055 556 824
1049 555 825
1048 555 826
1042 554 827
1039 555 828
1035 554 829
1033 554 830
1029 554 831
1026 554 832
1022 553 833
1019 554 834
1016 553 835
1014 553 836
1010 553 837
1007 553 838
1004 553 839
1001 553 840
997 552 841
995 552 842
992 552 843
989 552 844
987 552 845
983 552 846
981 552 847
979 552 848
975 552 849
973 551 850
970 550 851
968 550 852
965 550 853
963 549 854
961 550 855
957 549 856
954 549 857
952 548 858
949 548 859
947 548 860
944 547 861
942 547 862
940 546 863
937 546 864
934 546 865
932 546 866
930 545 867
928 544 868
925 544 869
923 544 870
920 542 871
918 543 872
915 543 873
914 541 874
911 541 875
910 541 876
908 540 877
906 540 878
903 540 879
902 538 880
900 538 881
899 538 882
897 537 883
895 537 884
893 536 885
892 535 886
891 536 887
890 535 888
888 535 889
887 533 890
886 533 891
885 533 892
884 533 893
883 532 894
882 532 895
881 531 896
881 531 897
880 530 898
879 530 899
878 530 900
877 529 901
877 529 902
876 528 903
876 528 904
876 527 905
875 527 906
875 527 907
875 526 908
874 526 909
873 525 910
873 525 911
872 525 912
872 525 913
872 524 914
871 523 915
870 523 916
871 522 917
870 522 918
870 521 919
869 520 920
870 520 921
870 520 922
870 519 923
870 518 924
870 518 925
870 517 926
870 516 927
870 516 928
871 515 929
871 515 930
871 514 931
872 513 932
872 512 933
872 512 934
872 510 935
872 510 936
872 509 937
872 508 938
872 507 939
872 506 940
872 505 941
872 504 942
872 504 943
872 502 944
872 501 945
871 500 946
872 499 947
872 498 948
871 497 949
871 496 950
871 494 951
871 493 952
871 492 953
871 491 954
870 490 955
870 488 956
870 487 957
869 486 958
869 484 959
868 484 960
868 482 961
868 480 962
868 480 963
868 479 964
868 477 965
867 474 966
866 473 967
866 472 968
865 469 969
865 469 970
864 467 971
864 464 972
863 463 973
861 460 974
860 459 975
860 457 976
858 455 977
857 454 978
856 451 979
854 449 980
853 447 981
851 445 982
849 443 983
847 441 984
845 438 985
843 437 986
840 434 987
838 432 988
836 429 989
833 426 990
831 424 991
828 421 992
825 418 993
822 415 994
820 412 995
817 409 996
813 406 997
811 403 998
809 400 999
805 397 1000
802 392 1001
798 390 1002
795 386 1003
792 381 1004
788 378 1005
785 373 1006
782 369 1007
778 366 1008
774 361 1009
771 356 1010
767 352 1011
763 348 1012
760 343 1013
756 338 1014
753 334 1015
749 328 1016
745 323 1017
742 319 1018
739 313 1019
735 308 1020
732 303 1021
727 296 1022
725 292 1023
721 286 1024
718 280 1025
715 274 1026
711 269 1027
708 263 1028
705 258 1029
703 251 1030
699 246 1031
696 240 1032
693 235 1033
690 229 1034
686 224 1035
684 218 1036
680 213 1037
678 207 1038
675 201 1039
673 196 1040
670 190 1041
667 184 1042
665 178 1043
663 172 1044
661 166 1045
658 160 1046
656 155 1047
654 147 1048
652 142 1049
649 135 1050
648 128 1051
645 120 1052
644 114 1053
642 105 1054
642 99 1055
641 91 1056
642 84 1057
642 76 1058
643 70 1059
644 62 1060
648 56 1061
649 47 1062
653 42 1063
655 33 1064
661 28 1065
664 19 1066
1693 64 1160
1692 64 1161
1695 68 1162
1682 69 1163
1682 73 1164
1674 80 1165
1671 80 1166
1664 87 1167
1660 87 1168
1653 93 1169
1646 94 1170
1639 100 1171
1633 102 1172
1624 106 1173
1620 107 1174
1607 112 1175
1602 113 1176
1591 116 1177
1585 118 1178
1573 121 1179
1570 124 1180
1561 126 1181
1555 129 1182
1544 129 1183
1537 133 1184
1528 133 1185
1524 136 1186
1516 138 1187
1508 139 1188
1500 141 1189
1495 144 1190
1487 145 1191
1481 147 1192
1476 149 1193
1471 152 1194
1464 154 1195
1457 155 1196
1451 156 1197
1445 157 1198
1440 159 1199
1434 162 1200
1429 163 1201
1425 165 1202
1419 167 1203
1412 168 1204
1408 170 1205
1402 172 1206
1396 172 1207
1393 177 1208
1386 176 1209
1383 177 1210
1376 179 1211
1372 180 1212
1369 183 1213
1364 184 1214
1359 184 1215
1357 186 1216
1352 185 1217
1349 188 1218
1345 188 1219
1343 190 1220
1339 192 1221
1334 195 1222
1333 197 1223
1330 198 1224
1325 199 1225
1323 202 1226
1322 203 1227
1319 207 1228
1317 209 1229
1312 211 1230
1312 214 1231
1311 215 1232
1307 218 1233
1305 219 1234
1305 224 1235
1304 224 1236
1302 227 1237
1300 229 1238
1298 232 1239
1298 233 1240
1297 237 1241
1296 240 1242
1296 243 1243
1295 245 1244
1295 249 1245
1294 252 1246
1293 255 1247
1292 256 1248
1291 260 1249
1290 260 1250
1289 265 1251
1289 265 1252
1288 270 1253
1287 270 1254
1285 274 1255
1285 276 1256
1283 279 1257
1282 279 1258
1281 284 1259
1280 284 1260
1279 288 1261
1278 288 1262
1276 291 1263
1276 292 1264
1274 294 1265
1273 299 1266
1273 299 1267
1271 300 1268
1270 302 1269
1269 306 1270
1268 306 1271
1267 310 1272
1265 310 1273
1263 312 1274
1261 313 1275
1261 316 1276
1260 317 1277
1259 321 1278
1258 321 1279
1256 323 1280
1255 324 1281
1255 328 1282
1253 328 1283
1252 330 1284
1251 331 1285
1250 333 1286
1248 334 1287
1246 335 1288
1246 339 1289
1245 339 1290
1243 341 1291
1243 342 1292
1242 344 1293
1241 344 1294
1239 345 1295
1238 348 1296
1238 349 1297
1236 350 1298
1235 351 1299
1232 354 1300
1231 354 1301
1229 355 1302
1228 358 1303
1226 358 1304
1223 358 1305
1221 359 1306
1219 360 1307
1217 361 1308
1213 364 1309
1213 365 1310
1209 365 1311
1208 368 1312
1205 367 1313
1205 369 1314
1201 370 1315
1200 370 1316
1196 372 1317
1195 372 1318
1192 373 1319
1191 374 1320
1188 375 1321
1188 376 1322
1185 376 1323
1183 377 1324
1181 380 1325
1179 380 1326
1177 383 1327
1175 382 1328
1172 382 1329
1171 383 1330
1169 386 1331
1167 386 1332
1164 386 1333
1164 390 1334
1161 389 1335
1159 389 1336
1156 390 1337
1156 391 1338
1153 394 1339
1152 394 1340
1148 393 1341
1148 394 1342
1145 395 1343
1144 396 1344
1143 398 1345
1141 398 1346
1138 398 1347
1137 399 1348
1135 399 1349
1134 400 1350
1132 400 1351
1130 401 1352
1126 402 1353
1125 402 1354
1123 402 1355
1121 402 1356
1117 404 1357
1116 404 1358
1111 404 1359
1110 405 1360
1106 405 1361
1104 405 1362
1100 406 1363
1097 406 1364
1093 408 1365
1090 408 1366
1087 407 1367
1083 408 1368
1080 410 1369
1077 409 1370
1073 409 1371
1070 409 1372
1066 409 1373
1062 409 1374
1060 409 1375
1057 410 1376
1053 410 1377
1050 411 1378
1047 410 1379
1043 411 1380
1040 411 1381
1038 410 1382
1033 411 1383
1031 411 1384
1027 410 1385
1025 410 1386
1021 410 1387
1019 409 1388
1015 409 1389
1014 409 1390
1009 409 1391
1008 409 1392
1004 410 1393
1003 409 1394
1000 408 1395
996 408 1396
995 408 1397
992 408 1398
989 408 1399
987 407 1400
984 407 1401
983 406 1402
979 406 1403
979 407 1404
976 406 1405
975 406 1406
971 406 1407
970 406 1408
968 405 1409
966 405 1410
965 405 1411
962 404 1412
961 404 1413
959 403 1414
958 403 1415
956 402 1416
954 402 1417
953 401 1418
951 401 1419
950 401 1420
948 400 1421
948 400 1422
946 399 1423
945 399 1424
944 398 1425
943 398 1426
941 397 1427
940 396 1428
939 396 1429
937 395 1430
935 394 1431
934 393 1432
933 393 1433
932 392 1434
930 391 1435
927 390 1436
926 389 1437
925 389 1438
922 388 1439
922 386 1440
920 385 1441
917 384 1442
916 384 1443
914 383 1444
913 382 1445
910 380 1446
909 379 1447
907 377 1448
905 376 1449
905 375 1450
901 374 1451
900 373 1452
898 372 1453
897 371 1454
895 369 1455
893 367 1456
890 366 1457
888 364 1458
886 364 1459
883 362 1460
882 360 1461
881 360 1462
877 357 1463
876 357 1464
873 354 1465
872 354 1466
869 349 1467
866 349 1468
866 348 1469
863 344 1470
860 344 1471
859 344 1472
856 338 1473
854 339 1474
852 336 1475
849 334 1476
848 333 1477
844 332 1478
842 328 1479
840 328 1480
837 325 1481
834 324 1482
832 319 1483
829 319 1484
828 317 1485
825 314 1486
825 312 1487
821 311 1488
821 307 1489
817 306 1490
815 302 1491
813 302 1492
811 299 1493
810 296 1494
807 296 1495
805 292 1496
803 291 1497
799 286 1498
799 286 1499
796 282 1500
797 282 1501
794 278 1502
793 277 1503
791 275 1504
790 273 1505
787 269 1506
786 269 1507
785 266 1508
783 265 1509
781 261 1510
781 261 1511
779 256 1512
778 256 1513
775 251 1514
775 251 1515
774 247 1516
773 247 1517
771 243 1518
770 243 1519
769 239 1520
768 238 1521
767 233 1522
768 233 1523
768 229 1524
767 228 1525
768 226 1526
768 224 1527
769 221 1528
770 221 1529
771 216 1530
776 217 1531
776 214 1532
779 213 1533
782 210 1534
785 210 1535
787 205 1536
792 207 1537
796 203 1538
800 202 1539
805 200 1540
810 200 1541
814 198 1542
818 197 1543
823 193 1544
830 194 1545
835 193 1546
841 191 1547
848 188 1548
854 188 1549
862 187 1550
870 186 1551
875 185 1552
884 185 1553
891 182 1554
899 184 1555
906 182 1556
916 183 1557
924 181 1558
932 182 1559
941 180 1560
950 181 1561
959 180 1562
967 181 1563
977 180 1564
986 181 1565
995 180 1566
1004 181 1567
1014 181 1568
1022 182 1569
1032 181 1570
1041 183 1571
1051 183 1572
1060 183 1573
1069 184 1574
1079 185 1575
1088 185 1576
1097 186 1577
1107 187 1578
1116 188 1579
1126 188 1580
1135 191 1581
1144 190 1582
1152 193 1583
1162 193 1584
1170 194 1585
1180 195 1586
1189 199 1587
1199 199 1588
1208 202 1589
1217 202 1590
1225 203 1591
1236 205 1592
1244 208 1593
1253 209 1594
1261 211 1595
1270 211 1596
1278 215 1597
1287 215 1598
1293 219 1599
1304 219 1600
1312 222 1601
1321 222 1602
1325 227 1603
1336 227 1604
1343 230 1605
1352 231 1606
1356 234 1607
1366 235 1608
1373 239 1609
1382 239 1610
1387 244 1611
1397 244 1612
1402 248 1613
1411 248 1614
1416 252 1615
1425 253 1616
1430 257 1617
1439 257 1618
1444 261 1619
1451 262 1620
1456 265 1621
1462 266 1622
1469 270 1623
1475 271 1624
1480 274 1625
1485 274 1626
1490 279 1627
1495 278 1628
1501 282 1629
1507 283 1630
1511 287 1631
1516 287 1632
1521 291 1633
1525 291 1634
1530 293 1635
1534 294 1636
1538 298 1637
1543 297 1638
1546 300 1639
1550 300 1640
1554 302 1641
1558 305 1642
1562 305 1643
1565 305 1644
1568 309 1645
1572 309 1646
1575 310 1647
1579 312 1648
1582 312 1649
1584 315 1650
1589 316 1651
1591 319 1652
1594 319 1653
1597 320 1654
1600 321 1655
1602 323 1656
1605 323 1657
1607 326 1658
1609 326 1659
1612 326 1660
1615 327 1661
1616 330 1662
1617 330 1663
1620 332 1664
1620 332 1665
1624 336 1666
1624 335 1667
1626 335 1668
1626 336 1669
1628 337 1670
1627 338 1671
1627 338 1672
1628 339 1673
1627 341 1674
1627 340 1675
1627 341 1676
1627 342 1677
1626 344 1678
1625 343 1679
1624 344 1680
1623 345 1681
1622 346 1682
1620 346 1683
1619 347 1684
1618 347 1685
1616 348 1686
1613 348 1687
1612 350 1688
1610 349 1689
1605 350 1690
1605 351 1691
1601 351 1692
1599 352 1693
1595 352 1694
1593 352 1695
1589 354 1696
1585 353 1697
1583 353 1698
1579 353 1699
1575 355 1700
1571 354 1701
1567 354 1702
1562 354 1703
1559 354 1704
1554 355 1705
1549 355 1706
1544 355 1707
1540 355 1708
1535 355 1709
1530 355 1710
1525 356 1711
1519 356 1712
1514 355 1713
1508 355 1714
1503 355 1715
1497 357 1716
1490 356 1717
1485 356 1718
1478 356 1719
1470 355 1720
1465 355 1721
1457 358 1722
1449 356 1723
1442 356 1724
1436 356 1725
1429 356 1726
1420 356 1727
1415 356 1728
1407 357 1729
1399 356 1730
1391 356 1731
1387 356 1732
1379 358 1733
1371 357 1734
1364 357 1735
1357 356 1736
1349 359 1737
1343 357 1738
1336 357 1739
1328 357 1740
1323 356 1741
1315 357 1742
1309 357 1743
1302 357 1744
1297 357 1745
1290 356 1746
1285 355 1747
1277 355 1748
1272 355 1749
1265 354 1750
1258 354 1751
1253 353 1752
1246 352 1753
1241 351 1754
1234 350 1755
1229 348 1756
1222 346 1757
1217 344 1758
1213 343 1759
1206 342 1760
1199 339 1761
1194 337 1762
1189 336 1763
1182 332 1764
1176 331 1765
1171 329 1766
1166 325 1767
1160 324 1768
1154 323 1769
1148 319 1770
1143 318 1771
1138 316 1772
1133 314 1773
1126 311 1774
1123 311 1775
1116 306 1776
1112 306 1777
1106 302 1778
1102 301 1779
1097 297 1780
1093 296 1781
1088 295 1782
1084 292 1783
1080 289 1784
1076 288 1785
1071 285 1786
1067 284 1787
1063 281 1788
1059 280 1789
1055 276 1790
1052 275 1791
1050 274 1792
1045 270 1793
1044 269 1794
1040 266 1795
1038 265 1796
1034 261 1797
1033 259 1798
1029 256 1799
1028 255 1800
1025 251 1801
1025 250 1802
1023 248 1803
1019 245 1804
1019 243 1805
1017 242 1806
1016 238 1807
1014 237 1808
1011 234 1809
1011 232 1810
1009 229 1811
1008 228 1812
1004 224 1813
1003 223 1814
1000 219 1815
1000 218 1816
999 215 1817
998 213 1818
995 208 1819
994 207 1820
993 204 1821
992 202 1822
991 200 1823
991 196 1824
991 195 1825
992 193 1826
990 190 1827
990 188 1828
990 185 1829
990 183 1830
991 181 1831
991 179 1832
991 175 1833
991 174 1834
991 171 1835
991 169 1836
992 167 1837
992 163 1838
993 162 1839
993 159 1840
994 158 1841
993 155 1842
994 152 1843
994 151 1844
994 148 1845
994 146 1846
994 141 1847
995 140 1848
995 136 1849
995 135 1850
995 131 1851
996 130 1852
995 127 1853
996 125 1854
996 121 1855
996 120 1856
996 116 1857
995 114 1858
995 111 1859
996 108 1860
996 107 1861
996 104 1862
997 103 1863
997 102 1864
997 100 1865
998 98 1866
997 97 1867
998 97 1868
998 96 1869
998 96 1870
998 96 1871
997 96 1872
998 97 1873
998 98 1874
997 98 1875
998 99 1876
1000 101 1877
999 103 1878
998 104 1879
999 105 1880
999 108 1881
999 108 1882
1000 111 1883
1000 111 1884
1000 114 1885
1000 114 1886
999 117 1887
999 118 1888
1000 120 1889
998 120 1890
998 124 1891
998 124 1892
999 126 1893
999 128 1894
999 129 1895
999 131 1896
997 132 1897
998 133 1898
997 135 1899
997 137 1900
996 138 1901
996 139 1902
997 139 1903
997 143 1904
998 144 1905
997 145 1906
997 146 1907
997 148 1908
996 149 1909
997 150 1910
996 152 1911
997 153 1912
998 156 1913
998 157 1914
998 158 1915
997 160 1916
998 161 1917
997 163 1918
997 164 1919
997 165 1920
998 166 1921
998 169 1922
998 169 1923
998 170 1924
999 172 1925
998 175 1926
998 175 1927
998 176 1928
998 179 1929
997 178 1930
997 181 1931
998 183 1932
998 183 1933
998 186 1934
998 187 1935
997 188 1936
997 189 1937
997 190 1938
997 193 1939
997 194 1940
997 196 1941
997 196 1942
996 198 1943
997 199 1944
997 200 1945
996 203 1946
996 204 1947
996 205 1948
996 206 1949
996 208 1950
995 208 1951
995 211 1952
996 211 1953
996 214 1954
996 215 1955
995 215 1956
995 218 1957
995 218 1958
995 220 1959
994 221 1960
995 223 1961
994 225 1962
994 225 1963
995 226 1964
995 229 1965
996 230 1966
995 231 1967
994 231 1968
994 235 1969
994 235 1970
993 236 1971
993 239 1972
993 240 1973
993 242 1974
993 242 1975
993 244 1976
993 245 1977
993 246 1978
994 249 1979
994 249 1980
994 252 1981
994 252 1982
994 255 1983
994 255 1984
993 257 1985
993 259 1986
993 259 1987
993 262 1988
992 263 1989
993 263 1990
993 266 1991
992 267 1992
993 268 1993
993 270 1994
992 271 1995
992 273 1996
993 276 1997
993 275 1998
993 279 1999
992 278 2000
991 280 2001
991 282 2002
991 284 2003
991 284 2004
991 288 2005
991 287 2006
991 291 2007
991 291 2008
991 294 2009
991 294 2010
991 295 2011
991 298 2012
990 298 2013
990 301 2014
990 301 2015
990 303 2016
988 304 2017
989 305 2018
988 307 2019
990 308 2020
990 311 2021
990 311 2022
989 312 2023
990 315 2024
989 315 2025
988 317 2026
988 318 2027
988 319 2028
988 322 2029
989 322 2030
988 323 2031
987 325 2032
988 328 2033
988 327 2034
988 330 2035
987 330 2036
987 332 2037
989 335 2038
989 335 2039
987 337 2040
988 337 2041
987 339 2042
987 340 2043
987 343 2044
987 343 2045
987 343 2046
987 346 2047
987 346 2048
987 349 2049
987 349 2050
987 352 2051
987 352 2052
986 354 2053
988 355 2054
986 357 2055
986 357 2056
987 360 2057
987 360 2058
986 363 2059
987 364 2060
984 364 2061
986 367 2062
986 367 2063
985 370 2064
986 370 2065
986 372 2066
986 373 2067
986 375 2068
986 377 2069
987 377 2070
985 379 2071
985 380 2072
986 383 2073
985 383 2074
985 384 2075
985 387 2076
986 388 2077
985 389 2078
986 392 2079
984 391 2080
985 395 2081
985 395 2082
985 398 2083
985 398 2084
984 401 2085
984 401 2086
986 404 2087
985 404 2088
984 406 2089
984 405 2090
984 409 2091
984 409 2092
984 412 2093
984 412 2094
983 415 2095
984 415 2096
984 418 2097
984 419 2098
984 420 2099
985 422 2100
984 425 2101
984 424 2102
983 428 2103
984 428 2104
983 431 2105
984 431 2106
984 433 2107
984 433 2108
984 437 2109
984 436 2110
984 439 2111
984 439 2112
983 440 2113
984 440 2114
983 441 2115
983 441 2116
983 442 2117
983 442 2118
983 442 2119
983 442 2120
983 443 2121
983 442 2122
983 443 2123
983 442 2124
983 443 2125
983 442 2126
983 442 2127
983 442 2128
983 443 2129
983 442 2130
982 442 2131
983 442 2132
982 442 2133
983 442 2134
983 442 2135
982 442 2136
983 442 2137
982 442 2138
983 443 2139
983 443 2140
983 444 2141
983 443 2142
983 444 2143
983 444 2144
983 445 2145
983 445 2146
983 446 2147
983 446 2148
982 447 2149
982 448 2150
982 448 2151
981 449 2152
981 449 2153
981 450 2154
981 451 2155
982 451 2156
981 452 2157
980 452 2158
980 453 2159
980 453 2160
979 455 2161
979 456 2162
979 456 2163
979 457 2164
978 458 2165
978 458 2166
979 460 2167
978 460 2168
979 462 2169
979 462 2170
977 462 2171
978 463 2172
977 464 2173
978 465 2174
977 466 2175
977 467 2176
977 468 2177
978 469 2178
977 470 2179
977 470 2180
977 471 2181
976 471 2182
978 472 2183
977 472 2184
977 473 2185
978 474 2186
978 473 2187
977 474 2188
978 475 2189
977 476 2190
978 475 2191
977 476 2192
978 476 2193
978 477 2194
978 478 2195
977 479 2196
978 478 2197
977 479 2198
978 479 2199
977 479 2200
977 480 2201
977 480 2202
977 481 2203
976 481 2204
976 481 2205
976 483 2206
975 482 2207
974 483 2208
975 483 2209
974 484 2210
973 483 2211
972 484 2212
971 485 2213
970 484 2214
967 483 2215
966 484 2216
965 484 2217
964 484 2218
962 484 2219
960 484 2220
959 485 2221
956 484 2222
953 485 2223
951 485 2224
950 484 2225
946 484 2226
945 485 2227
941 484 2228
939 485 2229
935 486 2230
933 486 2231
928 485 2232
925 485 2233
922 485 2234
919 485 2235
914 485 2236
911 485 2237
907 485 2238
904 486 2239
898 484 2240
895 485 2241
890 485 2242
886 485 2243
882 486 2244
876 484 2245
872 485 2246
865 485 2247
862 486 2248
856 486 2249
853 486 2250
847 486 2251
843 486 2252
837 486 2253
831 486 2254
827 485 2255
821 485 2256
815 485 2257
810 485 2258
805 485 2259
799 485 2260
794 485 2261
788 485 2262
784 485 2263
779 485 2264
773 485 2265
768 485 2266
763 485 2267
757 484 2268
753 484 2269
748 484 2270
743 484 2271
738 484 2272
732 484 2273
728 484 2274
723 484 2275
718 483 2276
714 484 2277
708 483 2278
702 483 2279
698 483 2280
694 482 2281
689 482 2282
685 482 2283
680 483 2284
675 483 2285
670 482 2286
666 482 2287
661 482 2288
656 482 2289
653 482 2290
648 482 2291
643 482 2292
639 482 2293
633 481 2294
629 481 2295
624 481 2296
619 480 2297
615 480 2298
611 479 2299
606 479 2300
602 479 2301
597 479 2302
593 478 2303
588 478 2304
583 477 2305
580 477 2306
575 477 2307
571 476 2308
567 476 2309
563 475 2310
558 475 2311
554 474 2312
550 474 2313
544 473 2314
540 473 2315
536 473 2316
531 472 2317
527 471 2318
523 470 2319
518 470 2320
514 469 2321
510 469 2322
505 468 2323
501 466 2324
497 466 2325
493 465 2326
490 464 2327
485 463 2328
481 463 2329
476 463 2330
474 462 2331
469 461 2332
465 460 2333
460 460 2334
456 459 2335
451 458 2336
447 456 2337
443 456 2338
439 456 2339
434 455 2340
432 455 2341
426 452 2342
423 452 2343
418 451 2344
414 451 2345
409 450 2346
406 449 2347
402 448 2348
398 447 2349
390 446 2350
388 446 2351
380 444 2352
378 444 2353
369 441 2354
365 441 2355
358 441 2356
354 440 2357
347 439 2358
343 439 2359
334 438 2360
330 437 2361
322 436 2362
317 435 2363
309 434 2364
305 434 2365
296 432 2366
292 432 2367
283 430 2368
279 430 2369
271 430 2370
266 429 2371
257 427 2372
253 427 2373
244 426 2374
239 425 2375
231 424 2376
227 423 2377
218 422 2378
214 422 2379
204 420 2380
201 419 2381
191 417 2382
188 417 2383
178 415 2384
176 415 2385
167 414 2386
164 413 2387
156 410 2388
154 410 2389
144 408 2390
143 407 2391
134 406 2392
132 405 2393
124 404 2394
122 404 2395
114 401 2396
111 401 2397
104 398 2398
102 397 2399
94 396 2400
92 395 2401
85 394 2402
84 392 2403
75 390 2404
75 390 2405
66 386 2406
66 385 2407
57 382 2408
57 382 2409
51 380 2410
50 380 2411
44 376 2412
43 376 2413
36 373 2414
38 374 2415
32 371 2416
31 369 2417
28 368 2418
28 368 2419
23 365 2420
24 364 2421
20 362 2422
22 362 2423
19 361 2424
20 361 2425
16 359 2426
19 357 2427
16 356 2428
18 355 2429
15 354 2430
19 353 2431
17 352 2432
21 351 2433
18 349 2434
22 349 2435
23 347 2436
25 347 2437
27 347 2438
28 345 2439
32 344 2440
35 343 2441
36 342 2442
40 341 2443
43 341 2444
46 339 2445
49 339 2446
54 338 2447
58 337 2448
61 337 2449
66 336 2450
70 335 2451
75 335 2452
80 334 2453
85 334 2454
91 333 2455
95 332 2456
101 332 2457
106 331 2458
114 332 2459
120 331 2460
126 330 2461
133 329 2462
138 329 2463
146 327 2464
155 329 2465
160 327 2466
168 327 2467
176 327 2468
184 327 2469
192 327 2470
200 327 2471
207 326 2472
214 326 2473
222 326 2474
230 326 2475
237 324 2476
246 324 2477
254 324 2478
262 323 2479
270 322 2480
279 323 2481
286 322 2482
295 321 2483
304 322 2484
311 321 2485
319 320 2486
328 320 2487
336 319 2488
345 319 2489
351 317 2490
361 318 2491
369 318 2492
378 315 2493
386 315 2494
393 315 2495
402 316 2496
409 315 2497
417 315 2498
425 314 2499
432 313 2500
442 313 2501
449 312 2502
457 311 2503
465 311 2504
473 309 2505
481 309 2506
491 309 2507
499 309 2508
508 307 2509
517 307 2510
527 306 2511
536 306 2512
546 306 2513
554 305 2514
564 303 2515
573 303 2516
583 303 2517
593 302 2518
602 301 2519
612 301 2520
622 301 2521
632 299 2522
641 299 2523
651 298 2524
662 297 2525
672 296 2526
681 295 2527
691 294 2528
702 293 2529
711 292 2530
722 292 2531
732 292 2532
741 290 2533
753 290 2534
762 290 2535
772 289 2536
782 287 2537
793 285 2538
802 285 2539
813 285 2540
822 283 2541
833 283 2542
843 283 2543
852 283 2544
862 281 2545
872 281 2546
882 278 2547
892 279 2548
901 277 2549
913 276 2550
922 276 2551
933 275 2552
943 274 2553
954 273 2554
965 273 2555
976 273 2556
986 271 2557
999 271 2558
1009 270 2559
1022 269 2560
1032 269 2561
1046 268 2562
1055 267 2563
1067 267 2564
1078 267 2565
1089 266 2566
1101 267 2567
1114 265 2568
1123 266 2569
1137 266 2570
1146 266 2571
1159 267 2572
1171 267 2573
1180 267 2574
1193 267 2575
1203 267 2576
1212 267 2577
1225 268 2578
1234 269 2579
1245 268 2580
1256 268 2581
1265 268 2582
1275 268 2583
1285 268 2584
1294 269 2585
1304 268 2586
1314 271 2587
1321 270 2588
1332 271 2589
1338 271 2590
1345 272 2591
1355 272 2592
1362 273 2593
1369 274 2594
1375 275 2595
1382 274 2596
1387 274 2597
1393 275 2598
1398 276 2599
1403 276 2600
1406 277 2601
1409 276 2602
1413 279 2603
1416 280 2604
1419 280 2605
1420 281 2606
1422 282 2607
1425 283 2608
1427 284 2609
1428 285 2610
1429 285 2611
1429 289 2612
1430 289 2613
1431 289 2614
1431 290 2615
1431 292 2616
1431 292 2617
1430 293 2618
1429 294 2619
1429 296 2620
1428 298 2621
1427 299 2622
1425 300 2623
1422 303 2624
1421 303 2625
1419 304 2626
1415 307 2627
1415 307 2628
1413 310 2629
1411 310 2630
1408 313 2631
1405 313 2632
1402 317 2633
1399 317 2634
1397 319 2635
1394 321 2636
1391 323 2637
1388 324 2638
1385 327 2639
1383 328 2640
1380 331 2641
1376 332 2642
1374 334 2643
1371 337 2644
1367 338 2645
1366 340 2646
1362 342 2647
1360 344 2648
1358 344 2649
1357 349 2650
1353 349 2651
1352 353 2652
1350 353 2653
1347 354 2654
1345 355 2655
1344 359 2656
1341 358 2657
1340 362 2658
1338 361 2659
1337 366 2660
1334 365 2661
1333 368 2662
1331 368 2663
1330 371 2664
1329 371 2665
1327 375 2666
1325 375 2667
1324 376 2668
1323 380 2669
1321 379 2670
1320 382 2671
1319 384 2672
1317 383 2673
1315 386 2674
1314 386 2675
1312 389 2676
1310 389 2677
1308 391 2678
1306 392 2679
1304 395 2680
1302 395 2681
1299 398 2682
1298 398 2683
1294 400 2684
1292 400 2685
1288 401 2686
1287 402 2687
1282 403 2688
1281 405 2689
1277 405 2690
1272 408 2691
1271 408 2692
1268 409 2693
1263 410 2694
1259 412 2695
1255 413 2696
1252 413 2697
1247 414 2698
1242 415 2699
1237 415 2700
1232 418 2701
1228 418 2702
1223 420 2703
1218 420 2704
1212 421 2705
1207 422 2706
1202 423 2707
1198 423 2708
1192 426 2709
1187 426 2710
1181 426 2711
1176 427 2712
1171 428 2713
1166 428 2714
1161 431 2715
1158 431 2716
1153 432 2717
1148 432 2718
1142 434 2719
1138 434 2720
1133 435 2721
1128 436 2722
1123 436 2723
1118 438 2724
1113 438 2725
1108 438 2726
1104 441 2727
1100 441 2728
1095 442 2729
1090 443 2730
1086 444 2731
1081 444 2732
1076 445 2733
1071 446 2734
1067 446 2735
1062 446 2736
1058 447 2737
1053 448 2738
1048 449 2739
1044 449 2740
1038 449 2741
1034 449 2742
1029 451 2743
1026 451 2744
1020 451 2745
1016 451 2746
1012 452 2747
1008 452 2748
1004 454 2749
1002 454 2750
996 455 2751
992 455 2752
987 455 2753
983 455 2754
979 456 2755
976 456 2756
971 457 2757
967 457 2758
964 458 2759
959 458 2760
956 459 2761
952 459 2762
947 460 2763
944 461 2764
940 461 2765
936 461 2766
932 461 2767
928 461 2768
924 462 2769
921 462 2770
916 462 2771
912 461 2772
909 463 2773
904 463 2774
904 465 2775
901 464 2776
896 464 2777
893 465 2778
890 464 2779
886 465 2780
883 465 2781
882 465 2782
877 465 2783
873 465 2784
873 465 2785
869 465 2786
867 465 2787
864 465 2788
861 465 2789
859 465 2790
856 465 2791
853 465 2792
852 465 2793
847 466 2794
846 466 2795
845 465 2796
841 465 2797
839 464 2798
837 464 2799
834 464 2800
834 463 2801
831 463 2802
830 464 2803
830 463 2804
828 463 2805
827 463 2806
825 463 2807
824 462 2808
823 463 2809
823 462 2810
822 463 2811
822 462 2812
822 462 2813
822 462 2814
822 461 2815
821 462 2816
821 461 2817
821 462 2818
821 461 2819
821 461 2820
821 462 2821
823 461 2822
823 460 2823
823 461 2824
825 460 2825
825 460 2826
826 460 2827
827 460 2828
829 459 2829
830 459 2830
831 459 2831
833 458 2832
835 458 2833
836 458 2834
838 457 2835
839 458 2836
842 457 2837
844 457 2838
846 457 2839
849 457 2840
850 456 2841
854 456 2842
856 456 2843
858 456 2844
860 456 2845
864 455 2846
866 455 2847
869 455 2848
873 454 2849
875 454 2850
878 454 2851
882 453 2852
886 454 2853
890 453 2854
893 453 2855
897 452 2856
901 452 2857
905 451 2858
909 451 2859
913 451 2860
917 451 2861
923 451 2862
927 450 2863
932 450 2864
937 450 2865
941 449 2866
948 449 2867
952 448 2868
958 448 2869
964 447 2870
968 447 2871
976 448 2872
979 446 2873
987 447 2874
993 446 2875
997 445 2876
1003 445 2877
1008 445 2878
1016 444 2879
1021 444 2880
1029 444 2881
1034 444 2882
1040 443 2883
1044 442 2884
1053 442 2885
1058 442 2886
1064 441 2887
1070 441 2888
1076 440 2889
1082 439 2890
1088 439 2891
1094 438 2892
1100 438 2893
1107 438 2894
1115 437 2895
1121 436 2896
1126 435 2897
1133 434 2898
1139 433 2899
1144 432 2900
1152 432 2901
1159 431 2902
1164 431 2903
1172 431 2904
1178 430 2905
1185 429 2906
1192 429 2907
1198 428 2908
1204 427 2909
1211 427 2910
1218 427 2911
1223 425 2912
1230 425 2913
1237 424 2914
1243 423 2915
1250 423 2916
1257 423 2917
1262 421 2918
1269 421 2919
1273 420 2920
1279 419 2921
1284 419 2922
1290 418 2923
1294 418 2924
1299 417 2925
1303 416 2926
1308 415 2927
1312 414 2928
1316 414 2929
1319 413 2930
1322 413 2931
1326 413 2932
1330 412 2933
1332 411 2934
1335 411 2935
1336 410 2936
1339 410 2937
1340 410 2938
1342 409 2939
1343 409 2940
1344 408 2941
1346 409 2942
1347 407 2943
1348 407 2944
1347 409 2945
1348 408 2946
1349 407 2947
1349 408 2948
1348 407 2949
1348 407 2950
1348 407 2951
1348 407 2952
1348 408 2953
1347 408 2954
1346 409 2955
1345 409 2956
1344 408 2957
1344 409 2958
1340 408 2959
1340 408 2960
1338 408 2961
1337 409 2962
1332 410 2963
1331 409 2964
1329 410 2965
1328 409 2966
1323 411 2967
1323 411 2968
1318 411 2969
1317 412 2970
1312 412 2971
1311 413 2972
1306 413 2973
1305 413 2974
1299 415 2975
1298 414 2976
1293 416 2977
1289 416 2978
1284 417 2979
1281 417 2980
1276 419 2981
1272 419 2982
1267 420 2983
1263 419 2984
1257 421 2985
1254 420 2986
1249 422 2987
1244 423 2988
1238 424 2989
1234 424 2990
1228 426 2991
1223 426 2992
1218 428 2993
1211 427 2994
1207 428 2995
1202 429 2996
1197 430 2997
1192 432 2998
1187 432 2999
1182 434 3000
1175 434 3001
1168 434 3002
1163 436 3003
1158 435 3004
1152 437 3005
1146 438 3006
1141 439 3007
1135 440 3008
1129 442 3009
1123 440 3010
1118 443 3011
1112 444 3012
1106 445 3013
1101 445 3014
1094 446 3015
1088 447 3016
1082 448 3017
1077 448 3018
1071 450 3019
1065 451 3020
1057 452 3021
1052 453 3022
1047 453 3023
1041 454 3024
1035 455 3025
1030 457 3026
1024 458 3027
1018 457 3028
1012 458 3029
1007 460 3030
1001 460 3031
996 461 3032
991 462 3033
985 463 3034
980 463 3035
977 465 3036
971 465 3037
966 467 3038
961 467 3039
957 468 3040
952 467 3041
947 468 3042
942 469 3043
938 469 3044
933 469 3045
929 470 3046
925 470 3047
919 470 3048
916 471 3049
911 471 3050
908 471 3051
904 472 3052
900 472 3053
896 472 3054
891 473 3055
888 474 3056
885 474 3057
880 475 3058
878 475 3059
873 476 3060
870 477 3061
866 477 3062
862 477 3063
858 477 3064
855 477 3065
851 478 3066
847 478 3067
845 478 3068
841 479 3069
837 478 3070
834 481 3071
831 481 3072
829 481 3073
824 481 3074
822 481 3075
818 481 3076
815 482 3077
811 482 3078
809 482 3079
805 484 3080
802 483 3081
799 483 3082
796 484 3083
793 483 3084
790 483 3085
787 484 3086
785 484 3087
782 483 3088
779 483 3089
776 484 3090
773 484 3091
770 484 3092
769 484 3093
766 485 3094
763 484 3095
761 485 3096
758 485 3097
757 485 3098
755 485 3099
751 485 3100
750 485 3101
746 484 3102
746 485 3103
742 485 3104
741 485 3105
739 485 3106
736 484 3107
735 484 3108
734 484 3109
730 484 3110
729 484 3111
728 484 3112
725 483 3113
724 483 3114
721 483 3115
720 484 3116
719 483 3117
718 483 3118
716 483 3119
714 482 3120
711 480 3121
712 482 3122
709 481 3123
708 481 3124
707 481 3125
705 482 3126
704 481 3127
701 481 3128
701 480 3129
698 480 3130
698 479 3131
696 479 3132
695 479 3133
693 477 3134
691 477 3135
691 478 3136
689 477 3137
687 476 3138
686 477 3139
685 476 3140
684 475 3141
682 475 3142
683 474 3143
681 473 3144
679 473 3145
678 473 3146
677 471 3147
676 470 3148
675 470 3149
674 470 3150
673 469 3151
672 469 3152
672 470 3153
670 469 3154
670 468 3155
669 467 3156
667 466 3157
665 465 3158
665 466 3159
663 465 3160
664 465 3161
662 464 3162
661 463 3163
659 461 3164
659 462 3165
658 462 3166
658 461 3167
657 460 3168
657 461 3169
656 459 3170
653 457 3171
654 457 3172
652 456 3173
650 455 3174
649 453 3175
648 453 3176
647 452 3177
646 451 3178
645 450 3179
645 449 3180
643 449 3181
642 448 3182
640 447 3183
640 446 3184
639 445 3185
638 444 3186
637 444 3187
637 443 3188
634 442 3189
635 442 3190
635 441 3191
634 440 3192
632 439 3193
631 437 3194
629 437 3195
629 436 3196
628 435 3197
627 434 3198
626 433 3199
626 432 3200
625 430 3201
625 430 3202
625 428 3203
624 426 3204
623 425 3205
623 424 3206
623 423 3207
621 422 3208
620 420 3209
620 420 3210
621 420 3211
621 419 3212
620 418 3213
619 417 3214
620 416 3215
621 415 3216
620 414 3217
620 411 3218
619 410 3219
618 409 3220
618 408 3221
617 406 3222
618 405 3223
617 404 3224
617 403 3225
616 400 3226
616 399 3227
615 397 3228
616 397 3229
615 394 3230
616 393 3231
616 392 3232
616 391 3233
617 389 3234
619 389 3235
619 386 3236
620 385 3237
619 382 3238
621 381 3239
624 381 3240
626 379 3241
626 376 3242
629 375 3243
631 374 3244
634 373 3245
634 369 3246
638 370 3247
638 367 3248
644 367 3249
644 363 3250
649 364 3251
649 362 3252
655 361 3253
656 358 3254
659 356 3255
662 355 3256
667 354 3257
668 351 3258
674 350 3259
679 349 3260
683 349 3261
687 346 3262
691 345 3263
697 343 3264
702 341 3265
708 340 3266
714 338 3267
719 338 3268
724 335 3269
729 335 3270
737 334 3271
742 333 3272
749 332 3273
754 327 3274
763 328 3275
769 327 3276
777 326 3277
783 324 3278
792 325 3279
798 323 3280
805 322 3281
813 318 3282
821 318 3283
827 317 3284
836 317 3285
842 315 3286
851 314 3287
857 311 3288
867 311 3289
875 310 3290
882 309 3291
890 308 3292
898 307 3293
907 306 3294
915 305 3295
924 300 3296
932 301 3297
941 301 3298
950 300 3299
958 297 3300
968 297 3301
976 295 3302
985 294 3303
994 294 3304
1004 293 3305
1013 289 3306
1022 290 3307
1032 290 3308
1041 289 3309
1050 285 3310
1060 285 3311
1070 284 3312
1080 283 3313
1090 282 3314
1100 281 3315
1110 280 3316
1121 280 3317
1130 278 3318
1140 279 3319
1152 276 3320
1160 277 3321
1173 277 3322
1181 277 3323
1193 276 3324
1201 277 3325
1212 276 3326
1220 276 3327
1231 275 3328
1238 275 3329
1247 275 3330
1256 276 3331
1265 276 3332
1274 276 3333
1282 276 3334
1289 276 3335
1299 277 3336
1306 278 3337
1314 278 3338
1319 279 3339
1327 280 3340
1333 280 3341
1338 280 3342
1345 281 3343
1351 282 3344
1355 283 3345
1361 284 3346
1366 285 3347
1370 288 3348
1376 288 3349
1380 289 3350
1384 290 3351
1388 291 3352
1392 294 3353
1394 294 3354
1398 294 3355
1401 295 3356
1404 298 3357
1408 300 3358
1410 300 3359
1412 301 3360
1413 304 3361
1417 305 3362
1417 307 3363
1420 307 3364
1419 310 3365
1421 311 3366
1422 314 3367
1423 313 3368
1423 317 3369
1424 317 3370
1424 319 3371
1425 321 3372
1425 322 3373
1426 325 3374
1427 326 3375
1427 328 3376
1426 330 3377
1426 333 3378
1426 335 3379
1427 337 3380
1427 339 3381
1428 342 3382
1428 342 3383
1429 346 3384
1428 346 3385
1429 348 3386
1429 349 3387
1430 352 3388
1431 352 3389
1431 356 3390
1432 356 3391
1433 358 3392
1433 359 3393
1434 363 3394
1436 363 3395
1436 364 3396
1436 365 3397
1436 368 3398
1437 367 3399
1438 370 3400
1439 370 3401
1439 372 3402
1440 371 3403
1440 375 3404
1440 375 3405
1441 376 3406
1442 376 3407
1442 379 3408
1444 379 3409
1443 382 3410
1443 382 3411
1444 385 3412
1444 384 3413
1443 388 3414
1444 389 3415
1444 391 3416
1445 393 3417
1445 396 3418
1445 399 3419
1446 399 3420
1446 402 3421
1446 403 3422
1446 406 3423
1446 407 3424
1446 411 3425
1446 412 3426
1446 414 3427
1446 417 3428
1446 418 3429
1445 420 3430
1445 424 3431
1445 424 3432
1445 428 3433
1445 429 3434
1446 432 3435
1445 433 3436
1445 435 3437
1445 438 3438
1445 439 3439
1445 442 3440
1445 443 3441
1445 446 3442
1445 447 3443
1445 449 3444
1444 450 3445
1444 454 3446
1444 454 3447
1443 456 3448
1444 457 3449
1444 459 3450
1444 461 3451
1444 462 3452
1444 465 3453
1444 466 3454
1444 468 3455
1444 469 3456
1446 473 3457
1445 473 3458
1445 474 3459
1446 477 3460
1445 477 3461
1444 479 3462
1445 481 3463
1445 484 3464
1445 485 3465
1444 487 3466
1444 488 3467
1445 491 3468
1445 492 3469
1445 494 3470
1444 495 3471
1444 497 3472
1445 498 3473
1444 501 3474
1444 502 3475
1444 503 3476
1444 505 3477
1444 507 3478
1444 507 3479
1444 511 3480
1446 511 3481
1445 513 3482
1445 514 3483
1445 517 3484
1444 516 3485
1445 519 3486
1445 520 3487
1445 521 3488
1445 522 3489
1445 523 3490
1445 525 3491
1446 526 3492
1445 527 3493
1446 530 3494
1447 531 3495
1447 532 3496
1447 535 3497
1448 535 3498
1447 536 3499
1447 538 3500
1447 539 3501
1446 539 3502
1447 541 3503
1449 543 3504
1448 544 3505
1448 545 3506
1449 546 3507
1449 547 3508
1449 548 3509
1449 549 3510
1450 550 3511
1450 551 3512
1451 551 3513
1451 552 3514
1450 552 3515
1451 553 3516
1451 553 3517
1452 555 3518
1453 556 3519
1453 556 3520
1453 556 3521
1453 557 3522
1454 558 3523
1455 560 3524
1455 559 3525
1455 560 3526
1455 560 3527
1454 560 3528
1456 562 3529
1456 561 3530
1456 562 3531
1456 562 3532
1457 563 3533
1458 563 3534
1458 564 3535
1460 565 3536
1460 564 3537
1459 565 3538
1460 565 3539
1461 565 3540
1461 566 3541
1461 566 3542
1462 566 3543
1462 566 3544
1463 566 3545
1463 567 3546
1463 566 3547
1463 567 3548
1463 567 3549
1463 568 3550
1463 568 3551
1464 568 3552
1464 568 3553
1464 569 3554
1465 570 3555
1465 569 3556
1465 569 3557
1465 570 3558
1464 570 3559
1465 570 3560
1464 571 3561
1464 571 3562
1463 571 3563
1463 571 3564
1464 573 3565
1465 572 3566
1464 573 3567
1465 573 3568
1465 573 3569
1465 574 3570
1464 574 3571
1464 574 3572
1464 574 3573
1464 574 3574
1464 575 3575
1464 575 3576
1463 575 3577
1464 576 3578
1463 577 3579
1463 577 3580
1463 577 3581
1464 579 3582
1462 577 3583
1462 579 3584
1461 578 3585
1463 580 3586
1463 580 3587
1462 580 3588
1462 580 3589
1462 581 3590
1462 581 3591
1462 581 3592
1463 582 3593
1462 582 3594
1462 582 3595
1462 583 3596
1463 583 3597
1462 583 3598
1462 584 3599
1462 583 3600
1462 583 3601
1462 585 3602
1462 585 3603
1462 585 3604
1462 585 3605
1463 585 3606
1462 585 3607
1462 586 3608
1463 586 3609
1462 585 3610
1461 585 3611
1462 586 3612
1462 587 3613
1461 586 3614
1462 588 3615
1462 587 3616
1462 588 3617
1462 588 3618
1462 587 3619
1463 588 3620
1463 587 3621
1461 588 3622
1463 588 3623
1463 589 3624
1462 589 3625
1463 588 3626
1463 589 3627
1463 590 3628
1462 590 3629
1462 590 3630
1463 590 3631
1462 590 3632
1462 590 3633
1464 590 3634
1463 590 3635
1463 591 3636
1463 591 3637
1463 591 3638
1463 591 3639
1462 591 3640
1463 591 3641
1463 592 3642
1464 592 3643
1464 592 3644
1463 592 3645
1463 592 3646
1462 592 3647
1462 593 3648
1462 593 3649
1464 593 3650
1464 592 3651
1463 593 3652
1463 593 3653
1462 592 3654
1463 593 3655
1463 593 3656
1463 594 3657
1463 594 3658
1463 594 3659
1463 594 3660
1463 595 3661
1463 595 3662
1463 595 3663
1462 593 3664
1462 594 3665
1462 594 3666
1463 594 3667
1464 595 3668
1462 594 3669
1462 595 3670
1462 595 3671
1463 595 3672
1465 596 3673
1463 595 3674
1463 596 3675
1463 596 3676
1463 596 3677
1462 596 3678
1463 597 3679
1463 597 3680
1463 597 3681
1463 597 3682
1463 597 3683
1462 597 3684
1461 596 3685
1465 598 3686
1464 597 3687
1463 597 3688
1460 596 3689
1462 597 3690
1462 597 3691
1464 598 3692
1462 596 3693
1463 597 3694
1463 597 3695
1464 598 3696
1462 596 3697
1463 597 3698
1464 598 3699
1464 597 3700
1465 598 3701
1463 597 3702
1464 598 3703
1465 598 3704
1463 597 3705
1464 598 3706
1464 598 3707
1464 598 3708
1464 598 3709
1465 597 3710
1463 597 3711
1464 598 3712
1464 598 3713
1463 597 3714
1464 597 3715
1464 597 3716
1463 597 3717
1463 597 3718
1463 597 3719
1463 597 3720
1463 597 3721
1464 597 3722
1463 597 3723
1463 597 3724
1463 597 3725
1464 597 3726
1463 597 3727
1463 597 3728
1463 597 3729
1464 597 3730
1464 597 3731
1464 597 3732
1464 597 3733
1465 598 3734
1464 597 3735
1463 596 3736
1464 598 3737
1463 596 3738
1463 596 3739
1464 597 3740
1464 597 3741
1464 597 3742
1464 597 3743
1464 597 3744
1463 596 3745
1464 596 3746
1464 596 3747
1464 594 3748
1464 593 3749
1464 592 3750
1464 591 3751
1463 589 3752
1464 587 3753
1465 587 3754
1463 583 3755
1464 581 3756
1464 579 3757
1464 577 3758
1464 575 3759
1463 570 3760
1464 568 3761
1463 565 3762
1462 562 3763
1462 559 3764
1463 555 3765
1462 551 3766
1462 548 3767
1462 545 3768
1462 540 3769
1462 536 3770
1462 532 3771
1462 528 3772
1461 523 3773
1461 519 3774
1461 513 3775
1461 508 3776
1462 504 3777
1462 499 3778
1461 494 3779
1461 489 3780
1460 484 3781
1460 478 3782
1460 474 3783
1460 469 3784
1460 464 3785
1460 459 3786
1460 454 3787
1460 449 3788
1459 444 3789
1461 440 3790
1461 435 3791
1459 430 3792
1460 425 3793
1459 420 3794
1459 415 3795
1459 410 3796
1459 405 3797
1459 400 3798
1459 395 3799
1459 391 3800
1459 386 3801
1460 382 3802
1460 377 3803
1458 370 3804
1459 366 3805
1458 361 3806
1458 356 3807
1458 351 3808
1459 346 3809
1458 342 3810
1459 338 3811
1458 333 3812
1456 327 3813
1457 322 3814
1457 317 3815
1457 313 3816
1457 309 3817
1457 304 3818
1457 300 3819
1457 295 3820
1457 291 3821
1457 286 3822
1457 282 3823
1457 278 3824
1457 275 3825
1457 271 3826
1458 266 3827
1458 264 3828
1458 260 3829
1458 257 3830
1458 253 3831
1458 250 3832
1458 247 3833
1459 244 3834
1459 241 3835
1459 238 3836
1459 237 3837
1459 232 3838
1459 230 3839
1459 228 3840
1459 225 3841
1459 223 3842
1460 221 3843
1460 218 3844
1459 217 3845
1459 213 3846
1459 211 3847
1459 209 3848
1459 207 3849
1459 205 3850
1459 203 3851
1459 202 3852
1458 200 3853
1458 198 3854
1458 197 3855
1458 196 3856
1458 193 3857
1459 192 3858
1459 190 3859
1459 189 3860
1459 188 3861
1458 186 3862
1458 185 3863
1457 183 3864
1459 183 3865
1459 181 3866
1458 181 3867
1458 179 3868
1457 177 3869
1459 177 3870
1459 176 3871
1459 175 3872
1459 173 3873
1458 172 3874
1459 171 3875
1459 170 3876
1459 170 3877
1459 169 3878
1459 168 3879
1458 167 3880
1459 167 3881
1459 166 3882
1460 167 3883
1460 166 3884
1461 165 3885
1459 164 3886
1461 164 3887
1460 164 3888
1459 164 3889
1460 163 3890
1460 163 3891
1459 162 3892
1460 162 3893
1459 162 3894
1458 160 3895
1458 160 3896
1459 160 3897
1459 159 3898
1458 159 3899
1458 158 3900
1458 159 3901
1457 158 3902
1457 157 3903
1457 157 3904
1456 157 3905
1456 156 3906
1457 157 3907
1455 155 3908
1455 156 3909
1455 155 3910
1454 155 3911
1455 155 3912
1453 154 3913
1454 154 3914
1455 155 3915
1456 154 3916
1456 154 3917
1457 154 3918
1457 153 3919
1458 152 3920
1461 152 3921
1462 152 3922
1464 151 3923
1465 151 3924
1469 151 3925
1472 150 3926
1474 150 3927
1477 149 3928
1481 148 3929
1484 149 3930
1488 148 3931
1491 147 3932
1495 147 3933
1499 147 3934
1503 146 3935
1507 146 3936
1511 145 3937
1516 144 3938
1521 143 3939
1526 144 3940
1530 142 3941
1535 142 3942
1539 141 3943
1544 141 3944
1548 140 3945
1553 139 3946
1557 138 3947
1561 137 3948
1567 138 3949
1571 137 3950
1575 136 3951
1581 136 3952
1585 134 3953
1588 133 3954
1594 132 3955
1599 132 3956
1604 131 3957
1610 131 3958
1614 129 3959
1619 129 3960
1623 128 3961
1628 127 3962
1633 127 3963
1638 126 3964
1643 125 3965
1647 124 3966
1653 123 3967
1659 122 3968
1664 122 3969
1669 121 3970
1674 121 3971
1678 120 3972
1683 119 3973
1689 118 3974
1694 118 3975
1699 118 3976
1703 116 3977
1709 115 3978
1711 114 3979
1718 113 3980
1722 112 3981
1726 111 3982
1731 110 3983
1734 110 3984
1738 109 3985
1742 108 3986
1744 108 3987
1748 108 3988
1751 107 3989
1757 107 3990
1758 106 3991
1762 105 3992
1764 105 3993
1767 104 3994
1770 104 3995
1774 103 3996
1775 102 3997
1777 102 3998
1780 102 3999
1782 101 4000
1785 101 4001
1788 100 4002
1790 100 4003
1792 100 4004
1793 99 4005
1796 98 4006
1799 98 4007
1801 97 4008
1802 97 4009
1806 97 4010
1806 96 4011
1808 96 4012
1810 96 4013
1812 96 4014
1813 96 4015
1815 95 4016
1816 95 4017
1818 95 4018
1819 95 4019
1821 94 4020
1822 94 4021
1824 94 4022
1825 94 4023
1826 94 4024
1827 94 4025
1828 94 4026
1829 94 4027
1830 94 4028
1831 94 4029
1832 94 4030
1833 94 4031
1834 94 4032
1834 94 4033
1835 94 4034
1835 95 4035
1836 95 4036
1836 95 4037
1837 94 4038
1837 94 4039
1840 94 4040
1840 94 4041
1840 93 4042
1838 93 4043
1839 93 4044
1841 94 4045
1840 94 4046
1841 96 4047
1838 96 4048
1838 96 4049
1836 100 4050
1837 99 4051
1837 102 4052
1836 103 4053
1836 104 4054
1836 107 4055
1836 109 4056
1835 112 4057
1835 113 4058
1836 117 4059
1835 119 4060
1835 123 4061
1835 125 4062
1835 129 4063
1835 132 4064
1836 136 4065
1836 140 4066
1837 144 4067
1837 148 4068
1837 152 4069
1836 156 4070
1837 160 4071
1837 165 4072
1836 169 4073
1838 174 4074
1838 179 4075
1838 183 4076
1839 188 4077
1840 193 4078
1840 198 4079
1841 203 4080
1843 207 4081
1842 213 4082
1843 218 4083
1843 223 4084
1844 227 4085
1844 233 4086
1845 238 4087
1845 243 4088
1845 248 4089
1845 252 4090
1845 257 4091
1844 262 4092
1845 268 4093
1846 274 4094
1847 279 4095
1846 284 4096
1846 288 4097
1846 294 4098
1847 299 4099
1846 303 4100
1845 308 4101
1846 313 4102
1846 318 4103
1846 322 4104
1846 326 4105
1846 331 4106
1846 335 4107
1846 339 4108
1846 343 4109
1847 347 4110
1846 351 4111
1846 353 4112
1846 357 4113
1846 360 4114
1847 362 4115
1847 366 4116
1847 370 4117
1848 371 4118
1847 375 4119
1847 378 4120
1848 380 4121
1848 384 4122
1848 384 4123
1848 389 4124
1849 389 4125
1849 393 4126
1850 395 4127
1850 396 4128
1850 400 4129
1850 400 4130
1850 404 4131
1851 404 4132
1851 407 4133
1850 407 4134
1851 409 4135
1850 412 4136
1851 412 4137
1851 413 4138
1851 417 4139
1850 416 4140
1851 417 4141
1852 419 4142
1851 420 4143
1849 420 4144
1851 421 4145
1851 423 4146
1851 423 4147
1850 424 4148
1850 425 4149
1850 426 4150
1850 426 4151
1851 429 4152
1850 428 4153
1850 429 4154
1850 430 4155
1851 431 4156
1851 431 4157
1849 433 4158
1850 433 4159
1849 433 4160
1851 434 4161
1851 437 4162
1850 436 4163
1850 436 4164
1851 437 4165
1852 437 4166
1852 438 4167
1850 438 4168
1849 439 4169
1851 439 4170
1849 440 4171
1851 440 4172
1851 440 4173
1849 440 4174
1850 441 4175
1850 441 4176
1850 441 4177
1849 441 4178
1850 442 4179
1850 442 4180
1850 442 4181
1850 442 4182
1850 442 4183
1849 442 4184
1850 442 4185
1848 442 4186
1850 442 4187
1849 443 4188
1849 442 4189
1849 443 4190
1849 442 4191
1849 443 4192
1848 443 4193
1849 442 4194
1849 443 4195
1848 442 4196
1847 442 4197
1847 442 4198
1847 442 4199
1848 442 4200
1848 442 4201
1848 442 4202
1849 443 4203
1847 441 4204
1847 442 4205
1847 442 4206
1847 442 4207
1847 442 4208
1847 442 4209
1848 443 4210
1847 442 4211
1848 442 4212
1849 442 4213
1848 442 4214
1847 442 4215
1847 442 4216
1847 442 4217
1847 442 4218
1846 441 4219
1848 443 4220
1848 442 4221
1847 442 4222
1847 442 4223
1847 442 4224
1848 442 4225
1848 442 4226
1848 442 4227
1847 442 4228
1847 442 4229
1847 442 4230
1848 442 4231
1847 442 4232
1846 441 4233
1847 441 4234
1847 442 4235
1848 443 4236
1847 443 4237
1847 444 4238
1848 445 4239
1847 445 4240
1848 446 4241
1848 447 4242
1848 448 4243
1850 450 4244
1849 452 4245
1849 452 4246
1849 453 4247
1848 453 4248
1849 454 4249
1849 455 4250
1849 456 4251
1850 457 4252
1850 458 4253
1849 458 4254
1850 461 4255
1850 461 4256
1850 463 4257
1850 463 4258
1850 465 4259
1849 464 4260
1851 468 4261
1851 468 4262
1850 468 4263
1851 470 4264
1850 471 4265
1850 471 4266
1850 474 4267
1851 474 4268
1851 474 4269
1851 476 4270
1852 477 4271
1850 477 4272
1851 478 4273
1850 480 4274
1851 480 4275
1851 481 4276
1852 483 4277
1851 483 4278
1850 484 4279
1851 487 4280
1850 486 4281
1852 488 4282
1852 489 4283
1852 490 4284
1852 491 4285
1852 492 4286
1852 493 4287
1852 494 4288
1852 495 4289
1853 496 4290
1852 496 4291
1852 498 4292
1853 499 4293
1852 499 4294
1852 501 4295
1852 502 4296
1852 503 4297
1852 505 4298
1852 505 4299
1853 507 4300
1852 507 4301
1852 509 4302
1852 509 4303
1852 510 4304
1852 512 4305
1852 512 4306
1852 513 4307
1852 514 4308
1852 517 4309
1852 516 4310
1852 517 4311
1852 519 4312
1852 519 4313
1852 521 4314
1853 520 4315
1852 521 4316
1853 522 4317
1853 522 4318
1853 524 4319
1853 524 4320
1853 525 4321
1854 528 4322
1854 528 4323
1854 530 4324
1854 532 4325
1854 532 4326
1853 534 4327
1852 535 4328
1854 536 4329
1854 536 4330
1852 537 4331
1852 539 4332
