1209 409 2197 33992
1191 407 2198 33988
1173 406 2199 34637
1156 404 2200 34803
1139 402 2201 35094
1121 400 2202 34618
1105 398 2203 34502
1087 396 2204 34273
1070 395 2205 33929
1052 393 2206 33880
1034 391 2207 33638
1016 390 2208 33421
999 388 2209 33109
981 387 2210 33216
963 386 2211 33202
945 385 2212 33028
926 383 2213 32799
907 382 2214 32764
889 381 2215 32862
870 380 2216 32765
851 379 2217 33068
832 378 2218 33085
811 377 2219 33440
792 377 2220 33190
771 375 2221 33699
754 374 2222 33826
732 373 2223 33807
714 370 2224 33970
695 368 2225 34460
674 366 2226 34717
654 362 2227 34778
635 360 2228 34554
615 356 2229 34132
596 352 2230 33823
576 348 2231 33864
557 343 2232 33784
536 338 2233 33457
517 333 2234 33454
497 328 2235 33173
479 323 2236 33020
459 318 2237 33067
439 313 2238 32976
419 310 2239 32834
403 306 2240 32875
384 301 2241 32718
361 294 2242 32976
342 290 2243 32985
323 287 2244 33215
303 284 2245 33138
282 280 2246 33052
261 278 2247 33363
241 275 2248 33542
220 272 2249 33761
200 270 2250 33935
180 267 2251 34539
158 266 2252 34414
136 263 2253 34733
115 262 2254 34893
94 260 2255 34451
73 259 2256 34316
50 258 2257 34020
29 256 2258 33944
28 257 2259 33652
28 255 2260 32974
91 565 2608 64512
99 565 2609 64388
108 565 2610 60214
115 566 2611 59160
123 567 2612 59039
131 567 2613 58872
137 568 2614 58904
145 570 2615 59056
152 571 2616 59120
159 572 2617 59079
167 573 2618 58433
174 574 2619 57948
179 575 2620 57633
186 576 2621 57433
192 577 2622 56962
197 578 2623 57000
203 579 2624 56339
209 580 2625 56354
214 582 2626 56066
219 583 2627 56218
224 584 2628 55697
229 586 2629 55794
234 587 2630 55707
238 589 2631 55622
242 590 2632 55745
246 592 2633 55871
251 593 2634 55971
254 595 2635 56049
257 596 2636 56842
261 598 2637 56771
264 599 2638 56982
267 601 2639 57250
270 602 2640 57696
273 604 2641 58258
276 606 2642 58189
278 607 2643 58291
281 609 2644 58199
282 611 2645 57939
285 613 2646 57807
286 615 2647 57180
288 616 2648 56958
290 618 2649 56651
291 620 2650 56441
293 621 2651 56045
295 623 2652 55970
296 625 2653 55718
297 627 2654 56141
299 628 2655 56283
300 630 2656 56969
302 632 2657 56359
303 633 2658 56325
305 634 2659 56713
306 636 2660 56452
307 637 2661 56441
309 638 2662 56515
310 640 2663 56753
312 641 2664 57045
314 643 2665 57722
316 645 2666 57974
317 646 2667 58420
319 647 2668 57961
320 649 2669 58211
322 650 2670 58058
323 652 2671 58082
325 654 2672 57435
327 655 2673 57042
328 657 2674 56682
329 658 2675 55705
331 659 2676 54598
332 661 2677 54262
332 662 2678 54419
333 664 2679 53915
333 667 2680 53707
334 668 2681 53493
335 669 2682 53167
336 671 2683 52798
336 673 2684 52892
336 674 2685 52999
336 676 2686 53021
336 678 2687 52974
337 679 2688 53394
336 681 2689 53218
336 683 2690 53188
336 685 2691 53372
336 687 2692 53573
334 689 2693 53780
334 690 2694 54001
333 692 2695 53744
333 694 2696 53457
332 698 2697 52829
332 700 2698 52516
331 702 2699 51722
330 703 2700 50961
329 706 2701 51028
329 708 2702 50688
327 710 2703 50131
327 712 2704 50019
326 714 2705 49620
325 715 2706 49692
323 717 2707 49670
324 719 2708 49495
324 721 2709 49491
323 723 2710 49054
323 725 2711 49285
322 727 2712 49202
322 728 2713 49842
321 730 2714 49840
320 731 2715 50257
320 733 2716 50048
320 734 2717 49644
318 736 2718 49763
318 737 2719 50626
317 739 2720 50962
316 741 2721 50863
316 742 2722 50657
315 743 2723 50167
314 745 2724 49762
314 746 2725 49675
313 748 2726 49269
312 749 2727 48881
312 751 2728 48631
311 752 2729 48620
310 754 2730 49008
310 755 2731 49679
309 757 2732 49467
308 758 2733 49243
308 759 2734 49122
307 761 2735 49374
306 763 2736 49178
305 764 2737 49568
304 766 2738 49445
303 767 2739 49144
302 768 2740 49487
302 770 2741 49539
301 771 2742 50256
300 772 2743 50471
299 773 2744 50629
298 775 2745 50957
297 777 2746 51116
297 778 2747 51660
296 780 2748 51472
295 781 2749 50894
295 783 2750 50774
294 784 2751 50415
293 785 2752 50648
292 786 2753 50466
292 788 2754 50477
291 789 2755 50531
291 790 2756 50508
290 791 2757 50305
289 792 2758 49919
289 794 2759 49689
289 795 2760 50452
289 796 2761 51218
288 798 2762 50861
288 799 2763 50655
289 800 2764 50672
289 801 2765 51151
288 802 2766 51246
289 803 2767 50944
288 804 2768 51193
289 806 2769 51829
290 807 2770 51437
290 808 2771 51934
291 809 2772 52070
292 810 2773 52449
293 811 2774 51472
294 812 2775 51208
295 814 2776 50593
297 815 2777 42654
299 816 2778 43096
300 817 2779 42872
302 818 2780 42968
304 819 2781 42998
306 820 2782 43100
308 821 2783 43094
311 822 2784 43193
313 823 2785 43352
316 824 2786 43278
319 825 2787 43685
322 827 2788 43567
325 828 2789 43860
328 829 2790 43891
332 829 2791 44200
335 831 2792 44008
339 832 2793 44156
342 832 2794 44403
346 833 2795 44587
350 835 2796 44801
354 835 2797 44750
357 836 2798 45055
362 837 2799 45200
366 838 2800 44862
371 839 2801 44979
375 840 2802 44693
379 841 2803 44475
384 842 2804 44374
388 843 2805 44315
394 844 2806 44147
398 845 2807 44319
403 846 2808 44149
407 847 2809 43878
412 848 2810 44173
416 848 2811 44263
421 849 2812 44140
425 850 2813 44062
430 852 2814 44279
434 852 2815 44362
437 852 2816 44392
442 852 2817 44474
1792 168 3826 59548
1779 164 3827 59420
1768 159 3828 59432
1755 155 3829 59302
1743 150 3830 59225
1732 147 3831 60168
1719 142 3832 60707
1706 137 3833 61363
1697 135 3834 61759
1680 128 3835 62276
1655 101 3836 62148
1653 87 3837 62690
1653 87 3838 62918
1653 86 3839 62617
1653 86 3840 61786
1653 86 3841 61004
1371 32 3857 54610
1357 28 3858 54837
1342 24 3859 54646
1326 24 3860 55061
1310 24 3861 54786
1295 24 3862 54900
1282 24 3863 54930
1269 24 3864 55303
1252 24 3865 55257
1232 24 3866 54913
1220 24 3867 54465
1204 24 3868 53994
1197 24 3869 53984
1195 24 3870 53470
1200 24 3871 54156
1199 24 3872 53605
1200 24 3873 53373
1200 24 3874 52864
1202 24 3875 52559
1202 24 3876 52000
1200 24 3877 51925
1198 24 3878 51665
1200 24 3879 51549
1200 24 3880 51343
1198 24 3881 51223
1197 24 3882 51324
1198 24 3883 51144
1198 24 3884 51396
1198 24 3885 50970
1197 24 3886 51204
1198 24 3887 51611
1199 24 3888 51898
1198 24 3889 52601
1197 24 3890 53167
1196 24 3891 53726
1194 24 3892 53314
1194 24 3893 52909
1192 24 3894 52648
1186 24 3895 52639
1187 24 3896 52269
1186 24 3897 52284
1186 24 3898 51483
1186 24 3899 51164
1186 24 3900 50920
1186 24 3901 49819
1184 24 3902 49444
1183 24 3903 49078
1183 24 3904 49374
1183 24 3905 49877
1182 24 3906 50066
1182 24 3907 49871
1182 24 3908 50092
1182 24 3909 50090
1182 24 3910 50105
1181 24 3911 50058
1181 24 3912 50464
1181 24 3913 50623
1180 24 3914 50373
1179 24 3915 50823
1179 24 3916 51141
1179 24 3917 51570
1179 24 3918 51195
1179 24 3919 51029
1177 24 3920 50436
1178 24 3921 50442
1178 24 3922 50096
1177 24 3923 49652
1177 24 3924 49476
1177 24 3925 49308
1176 24 3926 49498
1175 24 3927 49206
1173 24 3928 48852
1173 24 3929 48672
1173 24 3930 49464
1174 24 3931 49314
1174 24 3932 49352
1173 24 3933 49277
1173 24 3934 49308
1172 24 3935 49440
1172 24 3936 49431
1171 24 3937 49823
1169 24 3938 50130
1171 24 3939 50031
1172 24 3940 50241
1171 24 3941 50462
1171 24 3942 50696
1171 24 3943 51295
331 127 3944 50782
325 132 3945 50719
321 137 3946 50115
314 142 3947 49788
308 147 3948 49509
302 151 3949 49671
294 156 3950 49264
287 160 3951 49118
279 164 3952 48701
273 168 3953 48808
265 172 3954 48350
257 175 3955 48521
249 178 3956 48405
240 181 3957 48721
232 184 3958 48629
223 187 3959 48668
214 189 3960 48680
204 192 3961 49013
195 194 3962 48775
183 197 3963 49249
174 199 3964 49468
163 201 3965 49503
152 203 3966 50089
140 203 3967 50168
129 205 3968 50710
117 205 3969 51653
106 207 3970 51342
93 208 3971 51237
81 208 3972 51033
68 209 3973 50790
55 209 3974 51334
42 209 3975 51622
28 210 3976 51185
28 209 3977 51066
28 207 3978 51104
28 201 3979 50548
134 696 4347 24575
143 697 4348 24655
153 699 4349 24879
162 700 4350 24961
171 700 4351 25124
181 701 4352 25030
191 703 4353 25135
201 703 4354 25156
210 705 4355 25181
219 706 4356 25500
229 707 4357 25741
239 708 4358 25845
250 710 4359 25960
260 710 4360 25728
268 711 4361 25485
280 713 4362 25319
289 713 4363 25000
298 714 4364 25057
308 715 4365 24848
318 716 4366 24726
327 716 4367 24446
337 717 4368 24526
346 718 4369 24293
356 719 4370 24287
365 720 4371 24528
374 720 4372 24498
383 721 4373 24491
392 722 4374 24529
402 723 4375 24341
411 723 4376 24446
419 724 4377 24611
428 725 4378 24780
436 725 4379 24746
447 727 4380 24712
456 728 4381 24849
464 729 4382 24857
472 730 4383 24996
481 730 4384 25112
490 731 4385 25346
500 732 4386 25027
507 733 4387 24929
517 734 4388 24649
525 735 4389 24401
534 736 4390 24204
542 736 4391 24104
550 737 4392 23887
559 738 4393 23806
567 739 4394 23798
577 740 4395 23592
585 741 4396 23496
594 742 4397 23515
601 744 4398 23488
609 745 4399 23619
615 746 4400 23687
622 746 4401 23733
633 745 4402 23865
642 746 4403 23675
650 747 4404 23888
658 748 4405 23857
666 748 4406 24074
674 749 4407 24074
682 750 4408 24303
690 751 4409 24285
698 751 4410 24400
705 752 4411 24912
713 754 4412 24722
721 754 4413 24588
728 755 4414 24304
736 755 4415 24117
743 756 4416 23961
751 757 4417 23836
758 758 4418 23964
765 759 4419 23644
772 760 4420 23676
779 760 4421 23523
786 761 4422 23457
793 762 4423 23562
799 763 4424 23593
806 765 4425 23666
812 766 4426 23467
819 767 4427 23600
825 769 4428 23552
832 771 4429 23558
838 773 4430 23601
844 774 4431 23655
851 775 4432 23770
857 776 4433 23995
863 778 4434 24070
869 779 4435 24413
875 780 4436 24328
882 782 4437 24387
888 783 4438 24338
894 785 4439 23952
901 786 4440 23638
907 787 4441 23464
924 796 4442 23155
929 797 4443 23033
931 797 4444 22896
933 797 4445 22851
935 798 4446 22677
939 798 4447 22524
943 797 4448 22521
946 797 4449 22381
953 797 4450 22412
969 792 4451 22603
974 793 4452 22690
979 794 4453 22555
983 794 4454 22540
986 793 4455 22681
988 792 4456 22580
992 793 4457 22633
1036 793 4458 22714
1063 799 4459 22745
1071 804 4460 22989
954 666 5123 16787
949 666 5124 16884
946 665 5125 16832
940 664 5126 16817
936 663 5127 16984
931 663 5128 16963
927 662 5129 16987
922 662 5130 16943
918 661 5131 16939
913 660 5132 17065
909 660 5133 17082
904 659 5134 17170
899 658 5135 17182
895 658 5136 17290
891 657 5137 17453
886 656 5138 17468
882 656 5139 17548
877 655 5140 17409
872 655 5141 17108
867 653 5142 17182
863 653 5143 17280
858 652 5144 17161
854 652 5145 16916
849 650 5146 16927
845 650 5147 16943
840 649 5148 16917
835 648 5149 16664
831 647 5150 16656
826 647 5151 16682
821 646 5152 16750
817 645 5153 16680
812 644 5154 16813
808 644 5155 16690
802 643 5156 16981
798 642 5157 16907
793 642 5158 16992
788 641 5159 17109
783 640 5160 17184
779 639 5161 17210
774 638 5162 17304
769 637 5163 17343
764 637 5164 17490
759 636 5165 17534
754 635 5166 17368
749 634 5167 17248
744 634 5168 17400
739 633 5169 17087
735 632 5170 17038
730 631 5171 17150
725 630 5172 17081
719 630 5173 16985
715 629 5174 16846
710 628 5175 16684
705 627 5176 16829
700 626 5177 16652
695 626 5178 16795
690 625 5179 16672
684 624 5180 16932
679 623 5181 16823
675 622 5182 16785
669 622 5183 16928
664 620 5184 17089
659 620 5185 17094
654 619 5186 17124
649 618 5187 17389
644 617 5188 17471
638 616 5189 17432
633 616 5190 17352
629 615 5191 17602
623 614 5192 17291
618 613 5193 17214
612 612 5194 16997
608 612 5195 16900
602 610 5196 16769
596 610 5197 16732
591 609 5198 16559
586 608 5199 16507
580 607 5200 16568
576 606 5201 16495
570 605 5202 16551
565 604 5203 16433
560 603 5204 16448
554 602 5205 16725
549 601 5206 16650
544 600 5207 16683
538 600 5208 16681
533 598 5209 16776
528 597 5210 16751
522 597 5211 16685
516 596 5212 16848
511 594 5213 17004
506 594 5214 17037
500 593 5215 17098
495 592 5216 17198
489 591 5217 17459
484 590 5218 17253
479 589 5219 17188
473 588 5220 17154
467 587 5221 17151
461 586 5222 16965
456 586 5223 16975
450 584 5224 17056
445 583 5225 16853
439 582 5226 16962
434 581 5227 16806
428 580 5228 16763
422 579 5229 16696
417 578 5230 16827
411 577 5231 16783
405 576 5232 16676
399 575 5233 16874
394 573 5234 17021
388 572 5235 17253
382 571 5236 17248
377 570 5237 17296
370 569 5238 17510
364 568 5239 17612
359 567 5240 17752
353 566 5241 17756
347 565 5242 17812
341 563 5243 17917
335 562 5244 17768
330 561 5245 17635
323 560 5246 17413
317 559 5247 17492
311 558 5248 17314
305 556 5249 17325
299 556 5250 17106
292 554 5251 17052
286 553 5252 17034
280 552 5253 17080
274 551 5254 17128
268 550 5255 17031
261 548 5256 16979
255 547 5257 16976
248 546 5258 16926
243 545 5259 17190
237 543 5260 17051
231 542 5261 17166
224 540 5262 17138
217 539 5263 17187
211 538 5264 17230
205 536 5265 17256
199 535 5266 17517
192 533 5267 17630
186 532 5268 17717
179 530 5269 17771
173 529 5270 17635
166 527 5271 17386
160 526 5272 17324
153 524 5273 17115
147 523 5274 17306
140 521 5275 17041
134 520 5276 16962
127 518 5277 16740
120 516 5278 16808
113 514 5279 16834
107 512 5280 16680
99 511 5281 16591
93 509 5282 16436
86 508 5283 16441
80 505 5284 16517
73 504 5285 16658
65 501 5286 16702
59 499 5287 16821
51 498 5288 16997
45 496 5289 16951
37 494 5290 16958
31 493 5291 17166
24 490 5292 17251
20 488 5293 17473
20 486 5294 17410
20 484 5295 17414
1522 560 6242 13809
1521 557 6243 13860
1518 555 6244 13858
1514 553 6245 13973
1512 550 6246 13966
1509 548 6247 14110
1507 546 6248 14158
1505 543 6249 14162
1502 540 6250 14410
1499 538 6251 14445
1497 536 6252 14392
1494 533 6253 14340
1492 531 6254 14556
1489 529 6255 14579
1487 526 6256 14708
1484 524 6257 14724
1482 521 6258 14482
1480 518 6259 14633
1478 516 6260 14501
1475 513 6261 14371
1459 510 6262 14374
1447 514 6263 14387
1447 514 6264 14301
1447 514 6265 14176
1446 514 6266 14189
1446 514 6267 13977
1446 514 6268 14140
1446 514 6269 13981
1134 322 6363 13529
1130 320 6364 13517
1126 318 6365 13479
1122 315 6366 13438
1119 313 6367 13408
1115 310 6368 13477
1112 308 6369 13281
1106 305 6370 13250
1102 302 6371 13218
1098 300 6372 13151
1094 298 6373 13202
1090 295 6374 13216
1087 292 6375 13112
1082 289 6376 13081
1078 286 6377 13117
1074 283 6378 13103
1070 281 6379 13200
1065 278 6380 13247
1061 276 6381 13224
1057 273 6382 13291
1052 270 6383 13310
1048 268 6384 13439
1044 265 6385 13456
1039 263 6386 13606
1035 260 6387 13472
1031 257 6388 13375
1026 255 6389 13368
1021 252 6390 13286
1017 250 6391 13043
1012 247 6392 12918
1006 245 6393 12951
1003 242 6394 12792
999 240 6395 12745
994 237 6396 12734
989 234 6397 12624
985 231 6398 12745
980 229 6399 12888
975 226 6400 12841
971 223 6401 12824
966 221 6402 12916
961 218 6403 12912
957 216 6404 12938
952 213 6405 13077
947 211 6406 13112
942 208 6407 13145
937 206 6408 13169
932 204 6409 13225
927 202 6410 13315
922 199 6411 13311
917 197 6412 13303
912 194 6413 13438
907 191 6414 13449
902 189 6415 13399
896 187 6416 13347
893 184 6417 13297
886 182 6418 13219
882 180 6419 13119
878 177 6420 13065
872 175 6421 12879
867 172 6422 12796
862 169 6423 12786
858 167 6424 12869
852 165 6425 12744
848 163 6426 12791
842 161 6427 12975
836 158 6428 12915
832 157 6429 12949
826 155 6430 13008
823 154 6431 13117
817 152 6432 13081
811 150 6433 13142
806 149 6434 13230
802 147 6435 13246
793 149 6436 13330
788 149 6437 13442
786 149 6438 13525
783 149 6439 13555
779 148 6440 13523
776 147 6441 13423
770 146 6442 13383
764 141 6443 13266
759 142 6444 13183
754 141 6445 13048
750 141 6446 12964
745 141 6447 12891
740 140 6448 12787
735 140 6449 12718
730 140 6450 12815
724 140 6451 12892
721 139 6452 12861
717 140 6453 12796
712 141 6454 12805
707 141 6455 12945
703 141 6456 12993
698 141 6457 13151
694 143 6458 13125
690 143 6459 13188
685 144 6460 13175
681 145 6461 13213
677 145 6462 13210
672 147 6463 13249
668 147 6464 13369
664 148 6465 13418
659 150 6466 13357
655 151 6467 13267
651 152 6468 13091
646 154 6469 13084
643 155 6470 12916
638 156 6471 12798
634 157 6472 12874
630 158 6473 12725
626 160 6474 12649
620 163 6475 12733
616 164 6476 12490
612 166 6477 12586
606 168 6478 12520
601 170 6479 12565
597 171 6480 12622
591 173 6481 12344
586 174 6482 12511
581 176 6483 12478
575 178 6484 12504
569 179 6485 12665
564 180 6486 12776
559 181 6487 12854
554 182 6488 12851
527 184 6489 12840
527 184 6490 13090
527 184 6491 13136
526 184 6492 13012
524 184 6493 12916
523 185 6494 12836
524 184 6495 12614
525 184 6496 12575
525 184 6497 12375
525 184 6498 12442
525 185 6499 12251
525 185 6500 12282
525 185 6501 12255
525 185 6502 12156
525 185 6503 12028
524 185 6504 12020
524 185 6505 12163
524 185 6506 12159
524 185 6507 12212
524 185 6508 12183
524 185 6509 12292
524 185 6510 12254
524 186 6511 12609
524 186 6512 12671
523 186 6513 12627
523 186 6514 12814
369 202 6515 12817
362 203 6516 12987
356 203 6517 12970
343 201 6518 12929
338 201 6519 12804
307 181 6520 12661
305 179 6521 12556
305 179 6522 12554
305 179 6523 12537
305 179 6524 12418
304 179 6525 12349
304 179 6526 12309
304 179 6527 12307
304 179 6528 12241
304 179 6529 12249
304 180 6530 12286
304 180 6531 12286
304 180 6532 12435
304 180 6533 12380
304 180 6534 12392
304 180 6535 12433
303 179 6536 12447
303 179 6537 12535
303 179 6538 12581
204 208 6539 12631
197 208 6540 12612
190 208 6541 12592
184 207 6542 12663
177 206 6543 12672
170 207 6544 12511
163 206 6545 12384
156 206 6546 12403
149 205 6547 12237
142 205 6548 12149
136 205 6549 12080
129 205 6550 12074
123 205 6551 12065
116 204 6552 12001
109 204 6553 12020
102 204 6554 11895
96 203 6555 11978
89 203 6556 11939
82 203 6557 11956
75 203 6558 11909
68 202 6559 12010
62 202 6560 11920
56 201 6561 11948
49 201 6562 11978
42 201 6563 12050
36 200 6564 12001
29 200 6565 12131
23 200 6566 12188
20 199 6567 12289
20 199 6568 12497
20 199 6569 12640
1715 234 7513 6015
1715 236 7514 6101
1716 237 7515 6002
1717 239 7516 6011
1717 241 7517 6048
1718 243 7518 5927
1718 244 7519 5932
1718 246 7520 5996
1718 248 7521 5983
1719 250 7522 5991
1719 252 7523 6086
1720 254 7524 6179
1720 255 7525 6198
1721 257 7526 6149
1721 259 7527 6259
1721 261 7528 6255
1723 263 7529 6219
1723 264 7530 6220
1723 266 7531 6065
1725 269 7532 5951
1725 270 7533 5931
1724 272 7534 5921
1726 274 7535 5806
1726 276 7536 5866
1726 278 7537 5885
1727 280 7538 5885
1727 282 7539 5852
1727 283 7540 5865
1728 285 7541 5819
1729 287 7542 5742
1729 289 7543 5777
1730 291 7544 5830
1730 293 7545 5829
1730 295 7546 5831
1732 297 7547 5874
1732 299 7548 5921
1732 301 7549 5926
1732 303 7550 5942
1733 306 7551 5928
1734 308 7552 5957
1734 310 7553 6003
1734 312 7554 6004
1735 314 7555 6018
1735 316 7556 6157
1735 318 7557 6093
1736 320 7558 6034
1736 322 7559 5921
1737 324 7560 5866
1737 326 7561 6008
1737 329 7562 5885
1738 331 7563 5847
1738 333 7564 5834
1738 335 7565 5788
1738 337 7566 5803
1739 339 7567 5779
1740 341 7568 5832
1741 343 7569 5767
1741 345 7570 5769
1741 348 7571 5761
1742 350 7572 5791
1742 351 7573 5787
1743 353 7574 5739
1743 356 7575 5818
1743 358 7576 5840
1744 360 7577 5873
1743 363 7578 5953
1744 365 7579 5858
1744 367 7580 5870
1745 369 7581 5925
1745 371 7582 5993
1744 374 7583 6011
1745 376 7584 5906
1746 378 7585 5837
1746 380 7586 5771
1747 382 7587 5789
1748 384 7588 5713
1749 386 7589 5755
1748 390 7590 5612
1749 391 7591 5684
1749 394 7592 5724
1750 395 7593 5730
1750 397 7594 5632
1751 400 7595 5606
1752 402 7596 5584
1751 404 7597 5674
1752 406 7598 5570
1753 408 7599 5586
1753 410 7600 5621
1754 412 7601 5656
1754 415 7602 5677
1755 417 7603 5723
1756 419 7604 5794
1756 421 7605 5867
1757 423 7606 5832
1758 425 7607 5850
1758 428 7608 5956
1758 430 7609 6003
1758 433 7610 6044
1759 435 7611 6006
1759 437 7612 5893
1759 439 7613 5852
1758 441 7614 5798
1759 444 7615 5744
1760 446 7616 5682
1758 448 7617 5593
1759 451 7618 5650
1760 453 7619 5607
1761 455 7620 5579
1762 457 7621 5583
1762 459 7622 5460
1762 461 7623 5492
1763 463 7624 5489
1764 466 7625 5500
1763 468 7626 5529
1764 470 7627 5536
1764 472 7628 5506
1765 474 7629 5519
1765 477 7630 5575
1766 479 7631 5518
1767 482 7632 5546
1767 484 7633 5597
1768 485 7634 5646
1768 488 7635 5718
1769 490 7636 5661
1768 493 7637 5644
1770 494 7638 5575
1771 497 7639 5565
1770 499 7640 5533
1770 501 7641 5474
1771 503 7642 5369
1766 508 7643 5334
1767 510 7644 5331
1767 511 7645 5354
1768 513 7646 5310
1769 515 7647 5232
1769 517 7648 5268
1768 518 7649 5267
1768 520 7650 5241
1775 523 7651 5205
1776 525 7652 5204
1776 527 7653 5226
1776 529 7654 5269
1777 531 7655 5294
1777 534 7656 5405
1778 537 7657 5370
1778 539 7658 5403
1778 541 7659 5426
1778 543 7660 5512
1779 545 7661 5590
1779 547 7662 5565
1779 549 7663 5518
1779 551 7664 5367
1779 553 7665 5404
1779 555 7666 5390
1779 558 7667 5383
1779 561 7668 5346
1780 563 7669 5342
1780 566 7670 5287
1778 567 7671 5304
1781 570 7672 5333
1779 571 7673 5344
1778 572 7674 5342
1785 578 7675 5370
1785 580 7676 5348
1786 582 7677 5399
1786 584 7678 5442
1787 586 7679 5452
1788 588 7680 5459
1788 590 7681 5278
1789 592 7682 5388
1789 595 7683 5455
1790 597 7684 5423
1790 599 7685 5472
1790 602 7686 5507
1791 604 7687 5514
1793 606 7688 5621
1792 608 7689 5525
1793 610 7690 5494
1794 614 7691 5438
1794 615 7692 5338
1794 618 7693 5386
1795 621 7694 5358
1796 623 7695 5316
1796 625 7696 5211
1796 627 7697 5227
1798 629 7698 5190
1798 632 7699 5206
1798 634 7700 5171
1797 637 7701 5132
1797 639 7702 5227
1798 641 7703 5253
1799 643 7704 5209
1799 645 7705 5193
1800 647 7706 5201
1800 650 7707 5167
1800 652 7708 5156
1797 652 7709 5130
1798 655 7710 5148
1804 660 7711 5040
1804 662 7712 5088
1805 664 7713 5117
1806 667 7714 5073
1806 669 7715 5039
1806 672 7716 5016
1806 674 7717 4911
1807 676 7718 4974
1807 678 7719 4960
1807 680 7720 4983
1809 683 7721 4945
1809 685 7722 4965
1809 688 7723 4981
1810 690 7724 4990
1811 692 7725 4999
1811 694 7726 5055
1811 697 7727 4968
1812 699 7728 5022
1813 702 7729 5096
1813 704 7730 5139
1813 706 7731 5127
1813 708 7732 5122
1813 711 7733 5083
1814 713 7734 5031
1815 716 7735 4975
1815 717 7736 5129
1816 720 7737 5095
1816 723 7738 5117
1816 726 7739 5184
1816 728 7740 5094
1817 731 7741 4912
1818 733 7742 4916
1819 734 7743 4920
1819 737 7744 4860
1819 739 7745 4829
1820 741 7746 4747
1821 743 7747 4656
1413 754 7849 4509
1405 754 7850 4526
1398 753 7851 4450
1391 751 7852 4450
1385 751 7853 4417
1377 749 7854 4470
1370 749 7855 4467
1363 747 7856 4465
1357 747 7857 4479
1350 746 7858 4536
1343 745 7859 4504
1336 743 7860 4503
1328 744 7861 4336
1321 742 7862 4402
1314 741 7863 4375
1308 739 7864 4485
1301 739 7865 4431
1279 740 7866 4433
1277 739 7867 4381
1273 740 7868 4416
1270 739 7869 4490
1268 739 7870 4449
1264 737 7871 4461
1260 735 7872 4433
1257 735 7873 4319
1239 727 7874 4307
1233 725 7875 4261
1226 723 7876 4188
1219 722 7877 4265
1213 720 7878 4231
1206 719 7879 4190
1199 716 7880 4180
1192 715 7881 4195
1186 713 7882 4199
1180 711 7883 4216
1173 710 7884 4143
1166 708 7885 4113
1159 706 7886 4121
1152 705 7887 4122
1145 702 7888 4067
1139 701 7889 4081
1132 698 7890 4150
1125 695 7891 4146
1120 693 7892 4160
1113 690 7893 4238
1108 687 7894 4343
1102 685 7895 4371
1096 682 7896 4393
1091 680 7897 4360
1085 678 7898 4305
1081 675 7899 4249
1075 672 7900 4219
1070 670 7901 4171
1065 667 7902 4203
1061 664 7903 4198
1056 662 7904 4145
1050 659 7905 4089
1046 656 7906 4141
1041 652 7907 4052
1036 649 7908 4142
1031 645 7909 4156
1026 641 7910 4195
1021 637 7911 4213
1016 632 7912 4214
1011 627 7913 4168
1006 622 7914 4207
1001 618 7915 4169
995 612 7916 4142
990 607 7917 4161
985 602 7918 4220
976 593 7919 4173
973 588 7920 4198
970 584 7921 4049
967 581 7922 4094
964 576 7923 4095
960 572 7924 4032
957 567 7925 4030
952 560 7926 4012
949 554 7927 4040
946 549 7928 4009
943 545 7929 3999
941 540 7930 3899
939 536 7931 3886
936 531 7932 3856
935 527 7933 3878
933 522 7934 3933
932 517 7935 3986
930 513 7936 4020
929 508 7937 4054
929 503 7938 4015
927 500 7939 4029
927 495 7940 4041
927 491 7941 4036
927 486 7942 4027
927 482 7943 4027
927 478 7944 4060
927 474 7945 4137
927 470 7946 4147
927 466 7947 4170
927 463 7948 4157
928 459 7949 4125
928 455 7950 4063
929 452 7951 4058
929 448 7952 4007
930 444 7953 3974
930 440 7954 4003
929 437 7955 3931
930 433 7956 3880
930 430 7957 3919
930 426 7958 3950
930 421 7959 3908
931 418 7960 3964
930 414 7961 3910
931 410 7962 3900
931 407 7963 3911
931 402 7964 3965
929 397 7965 3955
929 394 7966 3948
929 390 7967 3938
930 387 7968 4010
930 383 7969 3996
929 380 7970 4023
931 375 7971 4029
930 372 7972 4055
933 367 7973 4120
932 363 7974 4040
932 360 7975 4085
931 356 7976 4052
931 353 7977 4068
931 349 7978 4015
930 345 7979 3988
930 341 7980 3980
930 337 7981 4000
930 334 7982 3986
930 329 7983 3973
930 326 7984 3992
930 322 7985 4009
930 318 7986 3993
931 315 7987 3993
930 311 7988 4009
930 307 7989 3979
930 304 7990 4077
930 300 7991 4058
930 296 7992 4051
930 292 7993 4074
930 289 7994 4146
930 285 7995 4133
930 282 7996 4178
930 277 7997 4183
930 274 7998 4286
930 270 7999 4262
930 266 8000 4301
930 263 8001 4257
930 260 8002 4234
930 256 8003 4135
930 252 8004 4125
930 248 8005 4089
930 245 8006 4081
930 241 8007 4055
930 237 8008 3999
930 234 8009 3995
930 230 8010 4048
930 227 8011 3885
930 223 8012 3948
930 220 8013 3919
930 216 8014 3996
930 212 8015 4020
930 209 8016 3965
930 205 8017 4016
929 202 8018 4085
929 198 8019 4103
929 195 8020 4142
929 191 8021 4171
929 187 8022 4205
929 183 8023 4200
929 179 8024 4225
929 176 8025 4248
929 173 8026 4272
929 169 8027 4273
929 165 8028 4184
929 162 8029 4138
929 158 8030 4136
929 155 8031 4107
929 151 8032 4102
929 148 8033 4107
929 144 8034 4179
929 141 8035 4127
929 137 8036 4108
929 134 8037 4027
928 130 8038 4048
929 127 8039 4027
929 124 8040 4002
928 120 8041 3901
928 117 8042 3889
928 114 8043 3913
929 111 8044 3960
928 108 8045 3987
928 104 8046 4030
928 101 8047 4011
928 96 8048 4060
928 93 8049 4117
927 90 8050 4112
927 87 8051 4102
928 83 8052 4156
928 79 8053 4106
927 76 8054 4100
926 72 8055 4101
926 69 8056 4001
926 66 8057 4016
926 63 8058 3947
926 59 8059 3939
926 56 8060 3919
926 52 8061 3919
926 47 8062 3942
925 44 8063 3982
925 42 8064 3925
925 39 8065 3906
925 36 8066 3887
925 32 8067 3953
925 29 8068 3972
925 26 8069 3951
924 25 8070 3966
924 23 8071 3849
925 18 8072 3919
924 16 8073 3936
924 16 8074 3995
925 16 8075 4038
924 16 8076 3992
1861 30 8547 3588
1862 33 8548 3554
1862 35 8549 3519
1863 37 8550 3514
1864 39 8551 3353
1865 42 8552 3409
1865 44 8553 3430
1865 46 8554 3426
1865 48 8555 3452
1866 50 8556 3486
1866 53 8557 3548
1867 55 8558 3588
1867 57 8559 3542
1867 60 8560 3516
1867 62 8561 3557
1868 65 8562 3592
1868 66 8563 3563
1869 68 8564 3564
1869 71 8565 3562
1870 74 8566 3561
1870 76 8567 3554
1871 78 8568 3562
1871 80 8569 3566
1872 82 8570 3634
1872 84 8571 3602
1873 87 8572 3543
1873 89 8573 3483
1874 92 8574 3501
1875 93 8575 3514
1875 95 8576 3489
1875 97 8577 3493
1876 100 8578 3513
1876 102 8579 3431
1877 104 8580 3476
1877 107 8581 3349
1878 109 8582 3395
1878 111 8583 3350
1878 113 8584 3352
1880 116 8585 3391
1879 119 8586 3409
1879 121 8587 3416
1880 124 8588 3466
1881 126 8589 3456
1881 128 8590 3497
1883 130 8591 3546
1874 146 8592 3536
1874 147 8593 3533
1874 149 8594 3531
1874 150 8595 3565
1874 150 8596 3595
1872 153 8597 3588
1871 154 8598 3523
1868 156 8599 3562
1868 156 8600 3523
1868 156 8601 3517
1867 157 8602 3450
1866 157 8603 3442
1865 157 8604 3455
1865 157 8605 3514
1865 157 8606 3421
1865 157 8607 3385
1661 50 8854 3886
1646 50 8855 3920
1631 50 8856 3940
1617 50 8857 4035
1602 51 8858 4022
1588 51 8859 4035
1573 51 8860 4005
1557 52 8861 3972
1534 54 8862 3975
1515 53 8863 3938
1505 52 8864 3843
1501 52 8865 3820
1468 42 8866 3786
1453 28 8867 3758
1450 28 8868 3765
1448 28 8869 3719
1447 28 8870 3712
1448 28 8871 3747
1449 28 8872 3747
1449 28 8873 3738
1448 28 8874 3751
1448 28 8875 3797
1448 28 8876 3789
1448 28 8877 3855
1448 28 8878 3817
1447 28 8879 3768
1447 28 8880 3740
1447 28 8881 3719
1219 40 8885 3663
1205 39 8886 3663
1191 38 8887 3593
1177 37 8888 3670
1164 36 8889 3618
1150 36 8890 3574
1136 35 8891 3557
1122 34 8892 3582
1108 32 8893 3634
1095 31 8894 3633
1082 30 8895 3632
1068 29 8896 3650
1054 28 8897 3709
1040 27 8898 3684
1027 25 8899 3665
1012 25 8900 3650
996 27 8901 3653
984 25 8902 3651
973 26 8903 3729
962 23 8904 3718
950 22 8905 3763
886 20 8906 3752
889 20 8907 3734
273 20 8967 3394
267 22 8968 3303
262 25 8969 3272
258 29 8970 3284
253 32 8971 3329
248 36 8972 3267
244 40 8973 3200
240 44 8974 3248
237 48 8975 3224
234 52 8976 3263
231 57 8977 3234
228 61 8978 3269
226 66 8979 3255
223 70 8980 3260
222 74 8981 3191
220 79 8982 3213
218 83 8983 3216
217 88 8984 3309
216 93 8985 3284
215 97 8986 3354
215 102 8987 3344
214 106 8988 3346
214 111 8989 3301
214 116 8990 3277
215 120 8991 3235
215 125 8992 3275
216 130 8993 3278
217 134 8994 3242
219 139 8995 3232
220 144 8996 3211
221 148 8997 3243
223 153 8998 3212
225 158 8999 3185
227 162 9000 3105
230 166 9001 3125
232 172 9002 3140
235 176 9003 3196
238 179 9004 3200
241 184 9005 3258
244 189 9006 3264
247 193 9007 3268
251 198 9008 3275
255 202 9009 3275
259 207 9010 3318
263 211 9011 3337
268 215 9012 3323
272 219 9013 3360
276 223 9014 3353
281 228 9015 3312
286 232 9016 3259
291 236 9017 3244
296 239 9018 3216
301 243 9019 3217
306 247 9020 3204
311 252 9021 3181
317 256 9022 3186
323 259 9023 3149
328 263 9024 3186
334 267 9025 3212
342 271 9026 3186
348 274 9027 3162
354 278 9028 3140
361 282 9029 3155
368 286 9030 3129
372 288 9031 3042
381 292 9032 3047
386 295 9033 3063
395 299 9034 3085
402 302 9035 3158
408 305 9036 3146
416 308 9037 3191
423 312 9038 3207
431 315 9039 3255
439 318 9040 3222
445 320 9041 3225
453 324 9042 3170
460 328 9043 3193
469 331 9044 3142
478 334 9045 3117
486 338 9046 3110
494 340 9047 3168
501 343 9048 3116
509 346 9049 3110
516 349 9050 3101
524 352 9051 3127
531 355 9052 3161
539 360 9053 3148
546 362 9054 3200
554 365 9055 3183
562 367 9056 3202
570 370 9057 3207
577 373 9058 3197
584 376 9059 3222
592 378 9060 3215
599 381 9061 3216
606 384 9062 3222
614 386 9063 3208
621 390 9064 3234
629 392 9065 3229
636 395 9066 3248
643 398 9067 3216
650 400 9068 3224
657 403 9069 3232
664 405 9070 3177
671 408 9071 3185
679 410 9072 3185
686 413 9073 3163
693 415 9074 3165
701 417 9075 3177
708 419 9076 3191
716 421 9077 3194
723 423 9078 3195
731 425 9079 3163
739 427 9080 3084
746 429 9081 3105
754 431 9082 3153
762 432 9083 3166
770 434 9084 3199
778 435 9085 3169
786 437 9086 3219
794 439 9087 3224
801 440 9088 3255
811 441 9089 3238
819 443 9090 3256
828 444 9091 3189
856 448 9092 3192
875 459 9093 3166
875 459 9094 3122
873 457 9095 3049
876 457 9096 3014
879 458 9097 3010
883 460 9098 3001
885 461 9099 2984
1046 471 9117 3109
1054 472 9118 3123
1063 473 9119 3084
1069 474 9120 3071
1078 475 9121 2998
1087 476 9122 2983
1094 476 9123 2998
1102 477 9124 3007
1110 478 9125 3008
1118 479 9126 3003
1126 480 9127 2948
1132 481 9128 2967
1140 482 9129 2945
1148 483 9130 2924
1156 484 9131 2921
1164 485 9132 2961
1171 486 9133 2978
1178 486 9134 3004
1186 488 9135 2955
1194 489 9136 3028
1201 490 9137 3026
1208 491 9138 3020
1215 492 9139 3065
1223 493 9140 3058
1230 493 9141 3039
1236 494 9142 3043
1243 495 9143 3045
1251 496 9144 3061
1258 497 9145 2991
1264 498 9146 2958
1272 500 9147 2915
1278 501 9148 2952
1284 502 9149 2951
1292 503 9150 2949
1298 504 9151 2834
1304 505 9152 2850
1311 506 9153 2828
1318 507 9154 2851
1325 508 9155 2812
1331 509 9156 2795
1338 510 9157 2815
1344 511 9158 2784
1349 512 9159 2773
1357 513 9160 2743
1363 515 9161 2766
1370 516 9162 2833
1376 517 9163 2801
1383 519 9164 2860
1390 520 9165 2839
1396 520 9166 2850
1403 522 9167 2890
1409 523 9168 2918
1416 523 9169 2925
1423 524 9170 2899
1429 526 9171 2943
1436 526 9172 2889
1442 527 9173 2904
1449 528 9174 2890
1457 530 9175 2871
1465 532 9176 2860
1472 532 9177 2832
1479 532 9178 2831
1487 534 9179 2883
1493 534 9180 2867
1501 534 9181 2685
1508 535 9182 2722
1515 536 9183 2752
1523 537 9184 2792
1530 537 9185 2788
1537 538 9186 2846
1545 539 9187 2816
1552 539 9188 2796
1560 540 9189 2801
1567 541 9190 2826
1576 541 9191 2780
1583 541 9192 2795
1590 542 9193 2792
1598 542 9194 2832
1606 543 9195 2886
1614 544 9196 2867
1621 544 9197 2858
1627 545 9198 2785
1635 546 9199 2823
1643 546 9200 2774
1650 547 9201 2811
1659 548 9202 2767
1666 548 9203 2723
1675 549 9204 2680
1683 549 9205 2718
1690 550 9206 2672
1697 550 9207 2678
1704 550 9208 2643
1713 551 9209 2678
1721 552 9210 2700
1729 553 9211 2553
1737 553 9212 2530
1745 553 9213 2547
1752 553 9214 2558
1759 553 9215 2614
1767 554 9216 2603
1775 555 9217 2618
1782 554 9218 2674
1789 555 9219 2664
1797 555 9220 2667
1804 555 9221 2712
1812 556 9222 2775
1820 556 9223 2784
1827 556 9224 2762
1834 556 9225 2697
1842 556 9226 2707
1849 556 9227 2603
1856 556 9228 2605
1863 557 9229 2592
1870 557 9230 2605
1878 558 9231 2597
1886 557 9232 2665
1892 558 9233 2649
1900 558 9234 2647
1906 558 9235 2662
1908 558 9236 2667
1908 557 9237 2630
1908 557 9238 2621
1402 739 9618 2220
1398 739 9619 2175
1393 739 9620 2218
1390 738 9621 2151
1385 738 9622 2171
1381 738 9623 2172
1377 738 9624 2113
1372 737 9625 2092
1367 737 9626 2186
1364 737 9627 2151
1358 736 9628 2183
1354 735 9629 2167
1348 736 9630 2131
1343 735 9631 2139
1337 735 9632 2127
1332 735 9633 2166
1327 734 9634 2136
1321 734 9635 2114
1316 734 9636 2156
1311 734 9637 2126
1305 734 9638 2140
1299 734 9639 2139
1293 734 9640 2096
1287 734 9641 2139
1281 735 9642 2170
1275 734 9643 2114
1269 735 9644 2105
1262 735 9645 2106
1256 735 9646 2125
1250 735 9647 2136
1243 735 9648 2139
1237 735 9649 2155
1230 735 9650 2112
1224 735 9651 2112
1217 736 9652 2162
1210 736 9653 2181
1204 736 9654 2187
1197 736 9655 2176
1190 736 9656 2187
1183 736 9657 2204
1176 735 9658 2225
1171 735 9659 2287
1164 735 9660 2300
1159 734 9661 2175
1151 736 9662 2180
1144 736 9663 2247
1138 736 9664 2241
1130 737 9665 2262
1124 736 9666 2240
1118 735 9667 2228
1110 735 9668 2205
1104 735 9669 2259
1098 735 9670 2262
1091 736 9671 2246
1084 734 9672 2245
1079 735 9673 2229
1072 734 9674 2170
1066 734 9675 2126
1059 734 9676 2168
1052 734 9677 2162
1047 734 9678 2217
1040 734 9679 2230
1033 733 9680 2221
1027 733 9681 2202
1021 733 9682 2223
1015 733 9683 2242
1009 732 9684 2274
1001 732 9685 2324
996 732 9686 2330
991 732 9687 2397
984 731 9688 2372
977 731 9689 2392
971 730 9690 2351
964 730 9691 2234
958 729 9692 2258
951 729 9693 2266
946 729 9694 2246
940 729 9695 2253
933 728 9696 2343
927 728 9697 2294
921 727 9698 2279
915 727 9699 2258
909 726 9700 2262
902 726 9701 2227
896 725 9702 2254
890 725 9703 2287
884 725 9704 2292
878 724 9705 2260
871 724 9706 2314
865 723 9707 2354
859 723 9708 2405
853 722 9709 2403
848 722 9710 2466
841 722 9711 2460
835 721 9712 2495
829 720 9713 2507
823 720 9714 2568
817 720 9715 2559
811 719 9716 2544
804 719 9717 2541
799 718 9718 2590
791 718 9719 2565
785 717 9720 2563
779 716 9721 2413
773 716 9722 2412
768 715 9723 2374
761 714 9724 2424
756 714 9725 2427
749 714 9726 2442
742 713 9727 2435
736 712 9728 2430
730 712 9729 2403
724 711 9730 2449
718 710 9731 2487
712 710 9732 2456
706 709 9733 2494
700 709 9734 2515
694 708 9735 2541
688 707 9736 2514
681 706 9737 2536
675 706 9738 2571
669 705 9739 2565
664 704 9740 2562
657 704 9741 2606
652 703 9742 2552
645 703 9743 2529
639 702 9744 2568
633 702 9745 2516
627 700 9746 2503
620 700 9747 2478
615 699 9748 2448
609 698 9749 2439
604 698 9750 2473
597 697 9751 2383
590 696 9752 2382
585 696 9753 2414
578 695 9754 2417
572 694 9755 2385
566 693 9756 2438
559 693 9757 2434
554 693 9758 2482
548 692 9759 2456
542 691 9760 2491
536 689 9761 2527
530 689 9762 2532
524 688 9763 2615
518 687 9764 2676
511 686 9765 2714
506 685 9766 2710
499 684 9767 2677
493 683 9768 2731
487 683 9769 2677
481 682 9770 2728
475 681 9771 2728
469 680 9772 2691
464 679 9773 2597
458 678 9774 2587
451 678 9775 2578
445 676 9776 2595
440 676 9777 2523
433 675 9778 2572
427 674 9779 2578
421 673 9780 2623
414 672 9781 2573
409 671 9782 2563
403 670 9783 2566
397 669 9784 2603
391 668 9785 2607
385 666 9786 2709
380 666 9787 2684
374 665 9788 2679
367 663 9789 2733
362 662 9790 2743
356 661 9791 2767
351 659 9792 2810
345 659 9793 2875
339 657 9794 2804
334 655 9795 2779
328 654 9796 2774
322 653 9797 2774
317 651 9798 2803
311 650 9799 2823
306 648 9800 2799
300 646 9801 2830
295 645 9802 2814
289 643 9803 2843
282 643 9804 2920
277 641 9805 2919
273 640 9806 2931
268 636 9807 2906
263 635 9808 2891
257 631 9809 2896
252 630 9810 2962
247 628 9811 2895
242 626 9812 2919
237 624 9813 2995
231 622 9814 2989
225 619 9815 2973
220 617 9816 2989
215 615 9817 3036
210 613 9818 3081
205 611 9819 3048
200 609 9820 3054
194 606 9821 2995
188 604 9822 2942
183 602 9823 2967
177 599 9824 2959
172 596 9825 3001
165 594 9826 2952
158 583 9827 2935
152 581 9828 2976
149 581 9829 2971
145 580 9830 3000
144 579 9831 2981
144 577 9832 3012
147 577 9833 2999
147 577 9834 2968
147 577 9835 2984
147 577 9836 3017
147 577 9837 3059
147 577 9838 3062
63 547 9843 3079
56 544 9844 3112
50 541 9845 3110
42 538 9846 3106
35 535 9847 3088
29 532 9848 3102
24 529 9849 3180
24 526 9850 3163
24 523 9851 3147
24 520 9852 3092
110 481 10372 2065
115 485 10373 2090
121 490 10374 2070
128 494 10375 2009
133 498 10376 2069
140 503 10377 2024
145 506 10378 2017
151 510 10379 2001
156 514 10380 2006
162 518 10381 2037
168 522 10382 2033
173 526 10383 2061
178 530 10384 2084
183 535 10385 2080
189 538 10386 2058
193 542 10387 2018
198 546 10388 2080
203 550 10389 2048
208 554 10390 2048
214 558 10391 2063
218 562 10392 2026
226 567 10393 1974
230 571 10394 1960
235 574 10395 1956
240 577 10396 1940
245 582 10397 1925
249 586 10398 1909
254 590 10399 1922
258 594 10400 1910
263 598 10401 1942
267 601 10402 1954
272 605 10403 1937
277 609 10404 1934
281 613 10405 1901
286 617 10406 1933
290 620 10407 1911
294 624 10408 1949
298 629 10409 1967
304 632 10410 1950
308 635 10411 1911
313 639 10412 1887
316 642 10413 1907
320 646 10414 1945
324 649 10415 1992
328 653 10416 2009
332 656 10417 2011
337 661 10418 2034
340 664 10419 2028
344 667 10420 2011
348 671 10421 1991
352 674 10422 2020
355 678 10423 1965
360 681 10424 1930
363 684 10425 1947
367 688 10426 1901
371 691 10427 1935
375 695 10428 1895
379 698 10429 1905
383 701 10430 1914
385 704 10431 1914
390 707 10432 1910
393 711 10433 1893
398 713 10434 1914
401 716 10435 1920
404 720 10436 1931
408 723 10437 1867
411 726 10438 1912
415 729 10439 1901
418 732 10440 1944
422 736 10441 1916
425 739 10442 1912
428 743 10443 1936
431 745 10444 1912
435 748 10445 1923
438 751 10446 1891
442 754 10447 1872
446 757 10448 1862
448 760 10449 1876
452 763 10450 1837
455 766 10451 1813
459 769 10452 1777
462 772 10453 1786
465 774 10454 1784
468 777 10455 1773
472 779 10456 1798
475 781 10457 1760
478 783 10458 1767
480 785 10459 1774
484 787 10460 1835
486 788 10461 1816
490 790 10462 1797
492 791 10463 1795
495 791 10464 1853
498 792 10465 1860
501 794 10466 1877
643 742 10525 3568
645 740 10526 3456
647 738 10527 3404
649 735 10528 3317
652 732 10529 3261
654 730 10530 3242
656 728 10531 3266
659 725 10532 3195
661 723 10533 3204
664 721 10534 3192
665 718 10535 3099
668 716 10536 3041
671 713 10537 3061
674 712 10538 3078
676 709 10539 3056
678 707 10540 3087
681 705 10541 3114
683 704 10542 3140
686 702 10543 3193
687 701 10544 3207
690 699 10545 3187
693 698 10546 3257
695 697 10547 3246
698 695 10548 3161
700 694 10549 3060
702 693 10550 3038
705 693 10551 3068
708 692 10552 3117
710 692 10553 3032
713 691 10554 2967
716 691 10555 2943
718 691 10556 2897
721 691 10557 2843
723 691 10558 2829
726 691 10559 2775
728 692 10560 2746
732 692 10561 2646
734 693 10562 2601
737 694 10563 2586
739 695 10564 2560
742 696 10565 2518
745 697 10566 2488
748 698 10567 2488
751 699 10568 2468
754 700 10569 2462
757 701 10570 2463
760 703 10571 2418
763 704 10572 2416
766 706 10573 2428
769 707 10574 2320
772 708 10575 2235
776 708 10576 2199
778 710 10577 2128
781 711 10578 2064
785 712 10579 2056
788 713 10580 2045
792 714 10581 2028
795 715 10582 1988
798 716 10583 1944
801 717 10584 1898
804 718 10585 1910
808 719 10586 1933
811 719 10587 1895
815 719 10588 1904
818 719 10589 1896
821 719 10590 1911
825 718 10591 1863
828 718 10592 1827
832 717 10593 1803
835 716 10594 1831
839 715 10595 1863
842 715 10596 1859
845 713 10597 1869
848 712 10598 1899
852 711 10599 1919
855 710 10600 1872
859 709 10601 1817
862 708 10602 1783
866 707 10603 1727
870 705 10604 1764
874 704 10605 1779
878 702 10606 1716
882 700 10607 1777
885 698 10608 1771
889 695 10609 1760
894 692 10610 1767
898 690 10611 1809
903 687 10612 1792
908 684 10613 1791
913 680 10614 1793
918 677 10615 1752
922 673 10616 1786
927 670 10617 1817
932 666 10618 1844
936 662 10619 1846
941 659 10620 1871
946 654 10621 1794
951 650 10622 1815
961 630 10623 1834
963 631 10624 1847
966 630 10625 1865
966 628 10626 1855
966 626 10627 1847
966 626 10628 1800
965 626 10629 1821
965 626 10630 1782
965 627 10631 1774
965 627 10632 1818
965 627 10633 1782
965 627 10634 1805
1096 485 10640 1820
1096 485 10641 1821
1095 484 10642 1794
1095 484 10643 1779
1095 484 10644 1799
1095 484 10645 1814
1095 484 10646 1865
1095 484 10647 1888
1095 484 10648 1887
1095 483 10649 1882
1095 483 10650 1888
1095 484 10651 1900
1131 529 10654 1848
1137 528 10655 1843
1145 526 10656 1789
1151 525 10657 1769
1157 524 10658 1739
1164 523 10659 1798
1170 523 10660 1767
1177 522 10661 1772
1183 522 10662 1752
1189 522 10663 1773
1196 522 10664 1804
1202 522 10665 1780
1209 522 10666 1802
1216 525 10667 1782
1224 526 10668 1770
1230 527 10669 1799
1237 527 10670 1775
1245 528 10671 1847
1252 530 10672 1860
1258 531 10673 1868
1266 533 10674 1893
1272 534 10675 1872
1279 537 10676 1877
1287 539 10677 1922
1294 541 10678 1920
1299 543 10679 1873
1307 545 10680 1852
1314 547 10681 1804
1321 549 10682 1807
1328 551 10683 1792
1334 553 10684 1762
1342 556 10685 1791
1350 557 10686 1792
1356 559 10687 1752
1363 561 10688 1784
1369 563 10689 1785
1377 564 10690 1796
1383 566 10691 1773
1394 563 10692 1783
1399 563 10693 1756
1404 565 10694 1775
1406 564 10695 1821
1403 555 10696 1818
1402 555 10697 1820
1402 555 10698 1821
1401 555 10699 1829
1401 555 10700 1813
1401 555 10701 1811
1491 598 10707 1747
1498 600 10708 1702
1505 603 10709 1705
1512 604 10710 1708
1518 606 10711 1620
1525 608 10712 1634
1531 610 10713 1672
1539 611 10714 1645
1546 613 10715 1658
1553 616 10716 1657
1560 617 10717 1668
1567 619 10718 1626
1574 620 10719 1624
1581 622 10720 1634
1589 624 10721 1628
1595 626 10722 1669
1602 627 10723 1624
1610 630 10724 1677
1617 631 10725 1682
1624 633 10726 1756
1632 635 10727 1796
1638 637 10728 1773
1646 638 10729 1834
1654 640 10730 1842
1659 643 10731 1857
1668 644 10732 1806
1674 646 10733 1759
1683 648 10734 1784
1690 651 10735 1814
1698 652 10736 1778
1704 654 10737 1747
1712 656 10738 1788
1719 657 10739 1762
1727 659 10740 1756
1733 661 10741 1798
1742 662 10742 1763
1748 664 10743 1745
1756 666 10744 1775
1763 669 10745 1798
1774 670 10746 1791
1780 672 10747 1783
1788 673 10748 1841
1795 675 10749 1835
1802 676 10750 1846
1809 678 10751 1859
1817 680 10752 1900
1825 681 10753 1919
1832 682 10754 1966
1840 683 10755 1981
1847 684 10756 1955
1854 685 10757 1933
1862 686 10758 1923
1869 687 10759 1864
1875 687 10760 1865
1883 686 10761 1768
1888 686 10762 1787
1896 685 10763 1776
1903 685 10764 1799
1351 809 11195 913
1337 812 11196 924
1321 814 11197 926
1307 817 11198 943
1292 819 11199 871
1280 820 11200 898
1267 821 11201 871
1249 823 11202 828
1238 826 11203 867
1223 825 11204 872
1207 825 11205 858
1196 827 11206 874
1184 825 11207 910
1172 824 11208 903
1160 822 11209 902
963 779 11226 866
953 776 11227 890
942 773 11228 889
932 770 11229 912
923 767 11230 909
912 765 11231 888
901 762 11232 881
893 759 11233 871
882 755 11234 836
872 752 11235 864
863 749 11236 857
853 746 11237 906
844 743 11238 888
835 740 11239 926
827 738 11240 930
818 735 11241 918
809 732 11242 932
801 729 11243 931
793 726 11244 933
784 723 11245 923
777 719 11246 953
769 717 11247 923
762 713 11248 980
755 710 11249 964
748 706 11250 976
740 703 11251 906
734 700 11252 891
727 696 11253 893
722 693 11254 903
716 690 11255 898
709 686 11256 903
704 684 11257 902
698 680 11258 889
693 676 11259 920
688 673 11260 912
683 670 11261 904
678 666 11262 919
672 662 11263 877
668 659 11264 886
663 655 11265 894
658 652 11266 894
655 648 11267 931
650 645 11268 910
646 641 11269 927
642 637 11270 940
638 634 11271 953
634 630 11272 954
629 626 11273 926
627 622 11274 934
623 618 11275 906
619 614 11276 919
616 611 11277 893
613 607 11278 871
610 603 11279 852
607 599 11280 876
605 595 11281 743
602 592 11282 748
600 587 11283 758
597 584 11284 714
595 579 11285 742
593 576 11286 751
591 572 11287 756
589 568 11288 810
587 564 11289 821
584 558 11290 829
583 554 11291 829
582 550 11292 783
581 546 11293 820
579 542 11294 837
578 537 11295 758
577 533 11296 788
576 529 11297 786
575 524 11298 829
575 520 11299 869
574 515 11300 832
574 511 11301 820
573 506 11302 803
573 501 11303 799
574 497 11304 799
574 492 11305 792
574 488 11306 812
575 483 11307 760
575 478 11308 767
576 473 11309 784
577 468 11310 790
578 464 11311 782
579 459 11312 743
580 454 11313 752
581 448 11314 747
584 444 11315 793
585 439 11316 783
587 433 11317 788
588 428 11318 781
591 423 11319 800
593 418 11320 822
595 413 11321 828
597 407 11322 828
601 402 11323 841
603 396 11324 823
605 391 11325 835
608 385 11326 848
611 380 11327 856
614 375 11328 855
617 369 11329 860
621 363 11330 889
625 357 11331 895
628 351 11332 886
632 345 11333 901
636 339 11334 894
641 333 11335 929
645 327 11336 880
650 321 11337 921
654 315 11338 893
659 309 11339 858
664 302 11340 854
669 296 11341 798
674 290 11342 833
680 284 11343 873
685 277 11344 881
691 271 11345 872
697 265 11346 874
702 258 11347 885
709 252 11348 846
714 245 11349 846
721 238 11350 854
726 232 11351 874
733 225 11352 878
740 218 11353 918
745 211 11354 890
752 205 11355 865
758 198 11356 849
764 191 11357 846
772 184 11358 850
778 178 11359 872
785 171 11360 876
791 165 11361 872
798 159 11362 840
803 153 11363 816
810 147 11364 804
817 142 11365 826
824 136 11366 825
830 131 11367 835
836 126 11368 845
843 121 11369 860
849 117 11370 847
856 112 11371 812
864 108 11372 799
870 104 11373 815
878 101 11374 861
884 97 11375 878
892 94 11376 905
898 91 11377 915
904 87 11378 939
912 84 11379 873
920 81 11380 875
927 78 11381 912
934 76 11382 919
943 72 11383 884
949 70 11384 868
957 68 11385 916
965 64 11386 912
973 62 11387 922
979 61 11388 947
986 58 11389 940
996 56 11390 952
1005 54 11391 909
1013 52 11392 904
1020 50 11393 917
1030 49 11394 906
1038 47 11395 928
1046 45 11396 955
1054 44 11397 951
1063 41 11398 961
1071 40 11399 943
1079 39 11400 960
1087 37 11401 893
1097 36 11402 930
1106 35 11403 944
1114 33 11404 950
1123 31 11405 958
1132 29 11406 918
1141 27 11407 914
1150 25 11408 875
1159 24 11409 877
1168 22 11410 872
1177 20 11411 857
1187 19 11412 822
1196 16 11413 862
1205 15 11414 848
1214 13 11415 850
1224 12 11416 830
1234 12 11417 848
1243 12 11418 860
1253 12 11419 836
1263 12 11420 839
1274 12 11421 820
1283 12 11422 807
1292 12 11423 817
1304 12 11424 776
1313 12 11425 784
1323 12 11426 784
1323 12 11427 779
1308 764 12167 1452
1307 761 12168 1483
1306 757 12169 1439
1306 754 12170 1437
1306 751 12171 1399
1305 748 12172 1386
1304 744 12173 1367
1305 741 12174 1357
1305 738 12175 1415
1305 734 12176 1436
1305 731 12177 1429
1306 727 12178 1514
1306 724 12179 1496
1306 720 12180 1507
1307 717 12181 1326
1307 714 12182 1383
1301 690 12183 1355
1303 694 12184 1352
1303 694 12185 1383
1304 693 12186 1431
1304 691 12187 1434
1304 690 12188 1408
1305 689 12189 1290
1328 657 12197 1356
1330 652 12198 1416
1332 648 12199 1392
1335 644 12200 1438
1338 640 12201 1411
1340 636 12202 1396
1343 632 12203 1387
1346 628 12204 1428
1348 623 12205 1407
1352 619 12206 1449
1356 615 12207 1456
1359 610 12208 1472
1362 606 12209 1462
1366 601 12210 1465
1370 597 12211 1381
1373 593 12212 1366
1376 589 12213 1359
1380 585 12214 1365
1385 582 12215 1405
1388 578 12216 1403
1392 575 12217 1395
1397 571 12218 1402
1400 567 12219 1368
1404 564 12220 1343
1408 560 12221 1365
1413 558 12222 1390
1417 555 12223 1463
1421 552 12224 1458
1426 550 12225 1460
1429 546 12226 1457
1434 545 12227 1454
1439 542 12228 1454
1444 541 12229 1442
1448 538 12230 1469
1453 535 12231 1471
1457 534 12232 1470
1462 532 12233 1464
1467 530 12234 1415
1471 529 12235 1479
1475 528 12236 1504
1481 527 12237 1486
1485 526 12238 1496
1489 526 12239 1484
1494 525 12240 1442
1498 525 12241 1360
1503 524 12242 1379
1507 525 12243 1376
1511 525 12244 1377
1516 524 12245 1384
1520 525 12246 1420
1524 525 12247 1406
1528 525 12248 1476
1532 525 12249 1496
1536 525 12250 1478
1538 525 12251 1470
1541 525 12252 1466
1545 525 12253 1526
1548 525 12254 1488
1551 525 12255 1485
1553 526 12256 1484
1556 526 12257 1493
1558 526 12258 1524
1560 526 12259 1565
1562 526 12260 1568
1564 526 12261 1579
1565 526 12262 1588
1566 526 12263 1610
1567 527 12264 1567
1569 526 12265 1538
1570 526 12266 1496
1571 526 12267 1476
1572 526 12268 1416
1572 526 12269 1449
1572 526 12270 1342
1573 525 12271 1227
1572 525 12272 1336
1573 525 12273 1342
1572 524 12274 1321
1572 523 12275 1286
1571 523 12276 1320
1571 523 12277 1320
1570 522 12278 1282
1568 521 12279 1305
1567 520 12280 1312
1566 519 12281 1313
1564 517 12282 1324
1562 515 12283 1319
1559 514 12284 1358
1558 511 12285 1315
1555 509 12286 1321
1553 507 12287 1381
1549 504 12288 1369
1546 502 12289 1394
1543 500 12290 1417
1540 497 12291 1383
1536 494 12292 1377
1533 492 12293 1368
1529 489 12294 1351
1525 486 12295 1344
1522 484 12296 1308
1517 481 12297 1323
1513 478 12298 1276
1509 474 12299 1233
1503 471 12300 1227
1498 468 12301 1208
1493 465 12302 1218
1485 458 12303 1212
1481 456 12304 1221
1478 455 12305 1235
1474 452 12306 1254
1471 450 12307 1242
1461 446 12308 1262
1455 443 12309 1256
1449 440 12310 1303
1443 437 12311 1297
1437 433 12312 1284
1430 430 12313 1266
1425 427 12314 1309
1418 424 12315 1260
1412 420 12316 1289
1406 417 12317 1281
1399 413 12318 1226
1392 410 12319 1274
1386 407 12320 1258
1379 403 12321 1233
1373 400 12322 1270
1365 396 12323 1260
1359 393 12324 1293
1353 389 12325 1286
1346 385 12326 1296
1340 382 12327 1295
1333 379 12328 1336
1326 375 12329 1387
1320 371 12330 1430
1313 367 12331 1198
1307 364 12332 1241
1300 360 12333 1226
1293 357 12334 1257
1286 353 12335 1288
1279 350 12336 1306
1273 345 12337 1292
1266 342 12338 1309
1259 337 12339 1331
1253 334 12340 1353
1246 330 12341 1353
1239 326 12342 1373
1233 322 12343 1397
1225 318 12344 1375
1219 314 12345 1305
1213 310 12346 1284
1206 306 12347 1308
1199 302 12348 1361
1192 298 12349 1306
1185 294 12350 1328
1178 290 12351 1299
1171 286 12352 1333
1164 282 12353 1315
1157 277 12354 1298
1149 273 12355 1313
1143 268 12356 1299
1136 264 12357 1296
1129 260 12358 1289
1121 255 12359 1329
1115 251 12360 1382
1108 245 12361 1324
1102 241 12362 1386
1094 237 12363 1463
1087 231 12364 1485
1079 226 12365 1469
1073 222 12366 1491
1066 216 12367 1499
1058 212 12368 1528
1051 207 12369 1438
1044 202 12370 1437
1037 197 12371 1489
1031 192 12372 1468
1025 187 12373 1442
1018 182 12374 1484
1012 176 12375 1461
1006 171 12376 1477
999 166 12377 1452
994 161 12378 1438
988 157 12379 1415
984 153 12380 1422
978 148 12381 1379
973 143 12382 1376
968 139 12383 1387
964 135 12384 1401
960 130 12385 1422
956 126 12386 1482
953 122 12387 1477
950 119 12388 1480
947 114 12389 1487
943 110 12390 1472
941 106 12391 1354
938 102 12392 1386
937 98 12393 1427
937 86 12394 1440
936 84 12395 1452
935 84 12396 1423
934 81 12397 1367
933 80 12398 1352
933 78 12399 1324
933 76 12400 1353
933 74 12401 1342
933 74 12402 1369
934 73 12403 1334
934 72 12404 1353
934 67 12405 1386
932 59 12406 1382
932 54 12407 1359
933 51 12408 1402
935 49 12409 1343
936 46 12410 1352
938 43 12411 1356
941 40 12412 1346
943 38 12413 1349
947 35 12414 1360
950 32 12415 1360
953 30 12416 1444
957 27 12417 1370
961 25 12418 1406
964 23 12419 1376
969 21 12420 1408
973 18 12421 1233
979 17 12422 1167
983 14 12423 1185
988 12 12424 1183
995 12 12425 1169
1000 12 12426 1187
1006 12 12427 1141
1014 12 12428 1150
1020 12 12429 1262
1027 12 12430 1174
1033 12 12431 1174
1041 12 12432 1127
1054 12 12433 1099
1054 12 12434 1100
1076 510 12965 1229
1070 504 12966 1206
1064 499 12967 1203
1058 494 12968 1176
1052 489 12969 1202
1047 484 12970 1166
1041 478 12971 1224
1035 474 12972 1213
1029 469 12973 1172
1022 464 12974 1186
1017 459 12975 1161
1011 454 12976 1170
1000 447 12977 1154
992 442 12978 1179
989 440 12979 1154
985 436 12980 1149
982 433 12981 1147
979 431 12982 1149
970 420 12983 1165
963 413 12984 1185
957 408 12985 1240
951 403 12986 1254
945 398 12987 1217
939 392 12988 1193
933 386 12989 1251
927 381 12990 1273
921 377 12991 1295
915 371 12992 1292
908 366 12993 1249
903 360 12994 1282
897 355 12995 1259
891 350 12996 1304
885 344 12997 1292
879 340 12998 1257
873 334 12999 1280
867 329 13000 1283
861 324 13001 1301
855 318 13002 1325
848 313 13003 1321
842 307 13004 1307
836 302 13005 1298
830 296 13006 1272
824 290 13007 1252
818 285 13008 1269
812 279 13009 1271
806 274 13010 1261
800 268 13011 1292
794 263 13012 1295
786 258 13013 1275
781 252 13014 1332
776 247 13015 1364
770 241 13016 1372
764 235 13017 1436
758 230 13018 1424
751 224 13019 1404
746 219 13020 1373
739 213 13021 1287
734 207 13022 1270
729 201 13023 1275
725 196 13024 1229
718 191 13025 1239
715 185 13026 1231
709 181 13027 1236
705 175 13028 1243
699 169 13029 1260
696 164 13030 1258
690 158 13031 1264
687 153 13032 1259
682 148 13033 1317
679 142 13034 1334
675 137 13035 1317
671 132 13036 1316
668 126 13037 1318
665 122 13038 1318
662 117 13039 1321
659 113 13040 1349
657 108 13041 1361
654 103 13042 1385
652 99 13043 1414
650 94 13044 1416
648 90 13045 1388
646 85 13046 1336
643 81 13047 1301
642 77 13048 1323
641 72 13049 1291
639 68 13050 1256
638 63 13051 1334
636 59 13052 1266
635 54 13053 1292
635 50 13054 1303
634 46 13055 1277
634 42 13056 1260
633 38 13057 1281
633 35 13058 1286
633 31 13059 1247
633 27 13060 1249
633 23 13061 1283
633 19 13062 1300
633 16 13063 1341
634 16 13064 1363
635 16 13065 1382
636 16 13066 1388
637 16 13067 1376
638 16 13068 1358
638 16 13069 1379
638 16 13070 1379
1554 26 13213 1508
1561 29 13214 1552
1567 32 13215 1616
1573 36 13216 1637
1580 39 13217 1601
1586 43 13218 1556
1593 47 13219 1589
1599 51 13220 1603
1605 54 13221 1664
1610 58 13222 1667
1617 63 13223 1641
1622 66 13224 1677
1628 70 13225 1682
1632 74 13226 1642
1637 79 13227 1660
1641 83 13228 1614
1645 86 13229 1610
1649 90 13230 1615
1654 95 13231 1620
1657 101 13232 1615
1661 104 13233 1596
1664 109 13234 1575
1669 114 13235 1582
1672 119 13236 1550
1675 123 13237 1563
1679 128 13238 1534
1682 132 13239 1536
1685 137 13240 1567
1686 143 13241 1582
1689 148 13242 1543
1691 152 13243 1598
1692 157 13244 1574
1695 162 13245 1553
1696 166 13246 1525
1697 172 13247 1532
1699 175 13248 1522
1699 180 13249 1517
1701 186 13250 1563
1702 191 13251 1579
1702 196 13252 1559
1704 201 13253 1526
1704 207 13254 1521
1705 213 13255 1516
1706 218 13256 1542
1707 223 13257 1503
1708 228 13258 1516
1707 233 13259 1540
1707 239 13260 1560
1707 244 13261 1503
1708 250 13262 1493
1709 255 13263 1503
1710 260 13264 1514
1709 264 13265 1466
1710 271 13266 1445
1711 275 13267 1475
1712 280 13268 1478
1713 285 13269 1439
1713 288 13270 1480
1713 292 13271 1500
1714 297 13272 1506
1714 300 13273 1510
1715 304 13274 1529
1715 308 13275 1535
1716 312 13276 1538
1716 315 13277 1560
1717 318 13278 1527
1717 321 13279 1507
1718 324 13280 1501
1718 327 13281 1463
1718 330 13282 1477
1718 333 13283 1497
1719 335 13284 1495
1720 338 13285 1505
1719 341 13286 1496
1719 343 13287 1470
1720 346 13288 1480
1720 348 13289 1490
1720 351 13290 1502
1720 353 13291 1492
1720 355 13292 1491
1721 357 13293 1510
1721 359 13294 1504
1721 361 13295 1499
1721 363 13296 1489
1722 365 13297 1510
1721 367 13298 1533
1723 369 13299 1522
1723 371 13300 1540
1723 373 13301 1531
1724 375 13302 1489
1725 377 13303 1521
1725 379 13304 1505
1726 381 13305 1466
1726 384 13306 1444
1727 386 13307 1440
1728 388 13308 1472
1729 390 13309 1450
1729 392 13310 1474
1730 394 13311 1477
1731 396 13312 1496
1733 398 13313 1474
1733 401 13314 1457
1735 403 13315 1465
1735 405 13316 1489
1736 407 13317 1490
1738 409 13318 1495
1739 411 13319 1530
1740 413 13320 1526
1741 415 13321 1556
1743 417 13322 1524
1744 419 13323 1513
1744 420 13324 1575
1745 422 13325 1599
1747 424 13326 1590
1748 425 13327 1597
1750 427 13328 1600
1751 429 13329 1638
1753 431 13330 1690
1753 432 13331 1668
1755 433 13332 1645
1758 435 13333 1654
1758 435 13334 1608
1759 437 13335 1605
1760 438 13336 1587
1763 439 13337 1551
1764 439 13338 1570
1765 441 13339 1551
1768 442 13340 1494
1769 443 13341 1494
1771 443 13342 1552
1772 444 13343 1558
1773 444 13344 1527
1775 445 13345 1551
1776 445 13346 1584
1777 445 13347 1556
1779 445 13348 1573
1781 445 13349 1602
1782 444 13350 1634
1784 444 13351 1634
1786 443 13352 1642
1788 442 13353 1653
1789 441 13354 1603
1791 439 13355 1586
1793 438 13356 1547
1795 436 13357 1508
1797 434 13358 1505
1799 432 13359 1488
1801 430 13360 1485
1804 429 13361 1496
1806 427 13362 1503
1809 424 13363 1449
1812 422 13364 1416
1814 420 13365 1397
1817 418 13366 1401
1820 415 13367 1390
1824 413 13368 1403
1828 411 13369 1368
1831 409 13370 1382
1834 406 13371 1393
1837 403 13372 1414
1840 401 13373 1438
1844 399 13374 1445
1847 396 13375 1505
1851 393 13376 1529
1855 390 13377 1536
1858 388 13378 1542
1862 386 13379 1553
1866 383 13380 1529
1870 380 13381 1579
1874 377 13382 1534
1878 374 13383 1553
1881 371 13384 1495
1885 369 13385 1463
1890 366 13386 1506
1893 363 13387 1502
1897 360 13388 1490
1900 357 13389 1483
1900 354 13390 1467
1900 351 13391 1472
1900 348 13392 1475
1900 345 13393 1485
1900 341 13394 1465
1900 338 13395 1431
1900 338 13396 1459
1328 664 14244 1216
1320 660 14245 1137
1310 657 14246 1142
1303 653 14247 1174
1296 650 14248 1128
1289 647 14249 1128
1282 644 14250 1171
1273 641 14251 1145
1265 639 14252 1166
1256 636 14253 1188
1248 634 14254 1178
1241 632 14255 1196
1233 630 14256 1224
1222 628 14257 1215
1215 626 14258 1243
1206 624 14259 1273
1196 622 14260 1258
1187 620 14261 1241
1177 617 14262 1306
1168 614 14263 1314
1159 611 14264 1315
1150 608 14265 1323
1141 604 14266 1358
1131 601 14267 1345
1122 599 14268 1356
1112 595 14269 1356
1103 592 14270 1311
1093 589 14271 1295
1085 586 14272 1259
1075 584 14273 1329
1066 581 14274 1335
1056 578 14275 1325
1046 576 14276 1286
1037 574 14277 1280
1028 572 14278 1267
1018 569 14279 1236
1008 568 14280 1263
999 566 14281 1256
989 564 14282 1238
978 562 14283 1232
968 560 14284 1283
958 558 14285 1242
948 557 14286 1269
938 555 14287 1304
927 553 14288 1278
917 552 14289 1263
907 551 14290 1327
896 549 14291 1366
885 548 14292 1390
874 547 14293 1385
863 545 14294 1344
852 544 14295 1352
842 543 14296 1350
830 542 14297 1313
820 541 14298 1332
807 541 14299 1344
796 540 14300 1319
785 538 14301 1305
774 538 14302 1274
763 537 14303 1253
751 536 14304 1228
740 536 14305 1226
729 535 14306 1236
717 535 14307 1214
706 534 14308 1251
694 533 14309 1239
683 533 14310 1198
671 532 14311 1189
660 532 14312 1201
648 531 14313 1216
636 531 14314 1222
624 530 14315 1258
613 530 14316 1240
601 529 14317 1226
588 529 14318 1230
577 528 14319 1242
564 528 14320 1198
553 527 14321 1202
540 526 14322 1160
528 525 14323 1115
516 525 14324 1169
503 524 14325 1126
492 523 14326 1129
479 522 14327 1095
467 521 14328 1067
455 520 14329 1055
444 519 14330 1039
431 517 14331 1066
418 517 14332 1108
406 516 14333 1120
392 514 14334 1103
380 514 14335 1149
367 512 14336 1162
354 511 14337 1141
341 509 14338 1202
329 507 14339 1197
316 505 14340 1154
303 504 14341 1255
289 503 14342 1266
277 502 14343 1294
264 500 14344 1304
251 499 14345 1284
237 498 14346 1263
223 496 14347 1227
210 494 14348 1179
197 492 14349 1232
184 491 14350 1194
170 490 14351 1147
156 488 14352 1167
143 487 14353 1174
129 485 14354 1139
115 483 14355 1151
101 482 14356 1095
88 480 14357 1120
74 479 14358 1156
59 478 14359 1159
45 476 14360 1124
31 475 14361 1127
24 473 14362 1128
24 472 14363 1133
24 470 14364 1107
24 470 14365 1111
24 470 14366 1133
24 470 14367 1127
775 23 14382 1087
774 24 14383 1093
773 25 14384 1087
771 26 14385 1093
770 28 14386 1068
769 29 14387 1074
767 30 14388 1056
765 31 14389 1059
764 32 14390 1076
763 33 14391 1098
761 34 14392 1120
760 35 14393 1147
759 36 14394 1101
757 38 14395 1174
756 39 14396 1080
754 40 14397 1071
741 33 14398 1074
741 34 14399 1073
740 35 14400 1038
740 36 14401 1088
740 37 14402 1039
739 38 14403 1040
738 38 14404 1054
737 40 14405 998
736 40 14406 990
735 41 14407 996
734 41 14408 1024
733 42 14409 969
733 44 14410 963
731 44 14411 988
734 57 14412 992
732 58 14413 991
730 59 14414 1001
729 60 14415 990
728 61 14416 1010
727 62 14417 1044
726 64 14418 1057
724 64 14419 1086
723 65 14420 1082
722 66 14421 1089
720 67 14422 1066
719 69 14423 1078
717 70 14424 1072
716 70 14425 1041
715 72 14426 1033
713 73 14427 1015
712 74 14428 1027
711 75 14429 1006
710 76 14430 978
708 77 14431 1066
707 78 14432 1004
705 79 14433 987
704 80 14434 973
703 81 14435 960
702 82 14436 1008
700 83 14437 1019
699 84 14438 970
698 85 14439 972
696 86 14440 993
679 100 14453 1005
678 101 14454 1057
677 102 14455 1053
675 103 14456 1014
674 104 14457 1014
673 105 14458 1018
672 106 14459 1051
670 107 14460 1062
669 108 14461 1056
668 109 14462 1051
667 110 14463 1045
665 111 14464 1063
664 112 14465 1019
663 113 14466 1033
662 114 14467 1036
660 115 14468 1051
659 116 14469 1081
658 117 14470 1077
656 118 14471 1101
655 119 14472 1115
653 120 14473 1127
653 121 14474 1078
651 122 14475 1079
650 123 14476 1070
649 124 14477 1050
648 125 14478 1048
647 126 14479 1077
645 126 14480 1067
644 128 14481 1030
643 128 14482 1047
642 130 14483 1045
640 131 14484 1030
638 131 14485 1000
638 133 14486 1015
637 134 14487 1074
635 134 14488 1113
634 137 14489 1079
633 138 14490 1114
632 138 14491 1085
630 138 14492 1089
629 140 14493 1120
628 140 14494 1119
627 141 14495 1133
626 142 14496 1165
624 143 14497 1170
623 144 14498 1155
622 145 14499 1151
621 145 14500 1179
620 147 14501 1187
619 148 14502 1202
618 149 14503 1185
616 149 14504 1200
615 151 14505 1168
614 151 14506 1171
613 153 14507 1131
612 153 14508 1132
610 155 14509 1125
609 155 14510 1102
608 156 14511 1118
607 157 14512 1128
605 158 14513 1112
605 159 14514 1118
603 160 14515 1072
602 161 14516 1099
601 162 14517 1142
600 163 14518 1138
599 164 14519 1131
598 165 14520 1166
596 166 14521 1242
595 166 14522 1208
594 167 14523 1243
593 168 14524 1264
592 169 14525 1281
590 170 14526 1274
589 170 14527 1301
588 171 14528 1244
587 172 14529 1232
586 173 14530 1230
585 174 14531 1217
584 175 14532 1182
582 176 14533 1198
582 177 14534 1218
580 178 14535 1200
579 179 14536 1222
578 179 14537 1256
577 181 14538 1206
576 181 14539 1269
574 183 14540 1267
573 183 14541 1251
572 184 14542 1241
571 184 14543 1247
570 186 14544 1291
569 187 14545 1267
567 187 14546 1280
567 188 14547 1262
566 189 14548 1317
564 191 14549 1335
564 191 14550 1351
562 192 14551 1454
561 193 14552 1418
560 194 14553 1381
559 194 14554 1315
558 195 14555 1301
557 196 14556 1282
556 197 14557 1228
555 198 14558 1218
553 198 14559 1215
552 199 14560 1228
551 200 14561 1193
550 201 14562 1196
549 202 14563 1192
548 203 14564 1255
547 204 14565 1251
546 205 14566 1288
544 206 14567 1282
543 206 14568 1281
542 207 14569 1315
541 208 14570 1299
540 209 14571 1350
539 209 14572 1337
538 210 14573 1341
537 212 14574 1389
536 212 14575 1396
535 213 14576 1395
534 214 14577 1387
533 215 14578 1368
532 216 14579 1363
531 216 14580 1380
531 217 14581 1411
529 218 14582 1375
528 219 14583 1354
527 220 14584 1308
525 220 14585 1343
524 222 14586 1346
523 222 14587 1341
522 223 14588 1337
521 224 14589 1354
520 224 14590 1370
519 225 14591 1403
518 226 14592 1374
517 227 14593 1379
516 228 14594 1351
515 229 14595 1335
514 230 14596 1366
513 231 14597 1391
512 231 14598 1434
512 232 14599 1404
510 232 14600 1421
509 234 14601 1393
507 234 14602 1388
507 235 14603 1438
505 236 14604 1410
504 236 14605 1437
503 238 14606 1417
502 238 14607 1424
502 239 14608 1392
501 240 14609 1396
499 241 14610 1420
498 241 14611 1421
497 242 14612 1402
496 243 14613 1448
495 244 14614 1430
495 245 14615 1433
493 246 14616 1459
492 246 14617 1475
492 247 14618 1495
491 248 14619 1475
489 249 14620 1541
488 250 14621 1541
487 251 14622 1551
486 252 14623 1567
485 252 14624 1586
484 253 14625 1620
483 254 14626 1633
482 254 14627 1684
481 255 14628 1682
480 256 14629 1673
479 257 14630 1685
478 258 14631 1640
477 258 14632 1632
477 259 14633 1528
475 259 14634 1511
474 260 14635 1551
473 261 14636 1590
473 262 14637 1628
472 263 14638 1658
470 263 14639 1677
469 265 14640 1677
468 265 14641 1684
468 266 14642 1651
467 267 14643 1687
466 268 14644 1685
464 268 14645 1684
464 269 14646 1726
463 269 14647 1747
462 270 14648 1717
460 271 14649 1723
460 272 14650 1742
459 273 14651 1756
458 273 14652 1782
457 274 14653 1777
456 275 14654 1830
455 275 14655 1834
454 276 14656 1824
453 277 14657 1776
452 278 14658 1765
451 279 14659 1761
450 279 14660 1743
449 280 14661 1744
448 281 14662 1740
447 282 14663 1765
446 282 14664 1759
445 283 14665 1792
444 284 14666 1803
444 284 14667 1760
442 285 14668 1767
442 286 14669 1742
441 287 14670 1729
440 287 14671 1743
439 288 14672 1737
438 289 14673 1728
437 290 14674 1722
436 291 14675 1708
436 291 14676 1720
434 292 14677 1746
433 293 14678 1757
432 293 14679 1766
431 294 14680 1764
430 295 14681 1779
430 295 14682 1791
428 296 14683 1753
428 297 14684 1727
427 298 14685 1757
426 298 14686 1673
425 299 14687 1677
424 300 14688 1681
423 300 14689 1656
423 301 14690 1663
422 302 14691 1615
420 303 14692 1586
420 303 14693 1580
419 304 14694 1591
418 305 14695 1608
417 305 14696 1649
416 306 14697 1633
415 307 14698 1641
414 308 14699 1722
413 308 14700 1713
412 309 14701 1735
411 309 14702 1748
410 311 14703 1712
410 311 14704 1744
408 312 14705 1720
408 313 14706 1743
407 313 14707 1762
406 314 14708 1750
405 315 14709 1699
404 315 14710 1676
403 316 14711 1659
403 317 14712 1650
402 317 14713 1661
401 318 14714 1637
400 319 14715 1600
399 320 14716 1564
398 320 14717 1575
397 321 14718 1595
396 322 14719 1637
396 322 14720 1633
394 323 14721 1657
393 324 14722 1647
393 324 14723 1610
391 325 14724 1608
391 326 14725 1644
389 326 14726 1654
389 327 14727 1663
388 328 14728 1699
388 328 14729 1731
387 329 14730 1746
386 330 14731 1724
385 331 14732 1743
384 331 14733 1719
383 332 14734 1717
382 332 14735 1691
382 333 14736 1712
380 334 14737 1707
380 334 14738 1717
379 335 14739 1714
378 336 14740 1689
377 336 14741 1701
376 337 14742 1658
376 338 14743 1667
374 338 14744 1626
374 339 14745 1638
373 340 14746 1605
372 340 14747 1611
371 341 14748 1610
370 341 14749 1631
370 343 14750 1671
369 343 14751 1711
368 344 14752 1767
367 345 14753 1744
366 345 14754 1761
366 346 14755 1753
365 346 14756 1745
364 347 14757 1755
363 348 14758 1773
362 349 14759 1754
362 349 14760 1720
361 350 14761 1679
360 350 14762 1654
359 351 14763 1622
358 352 14764 1619
357 352 14765 1593
356 353 14766 1560
356 353 14767 1525
355 354 14768 1502
354 355 14769 1457
353 355 14770 1502
352 356 14771 1524
351 357 14772 1539
351 357 14773 1539
350 358 14774 1566
349 359 14775 1588
348 359 14776 1581
347 360 14777 1605
346 361 14778 1584
346 361 14779 1565
345 362 14780 1539
344 363 14781 1568
343 363 14782 1560
342 364 14783 1633
342 364 14784 1655
341 365 14785 1699
340 365 14786 1690
338 366 14787 1663
338 367 14788 1685
337 368 14789 1683
337 368 14790 1681
336 369 14791 1622
334 369 14792 1567
334 370 14793 1548
333 371 14794 1540
333 372 14795 1544
332 372 14796 1567
331 372 14797 1551
331 373 14798 1569
330 374 14799 1590
328 375 14800 1587
327 375 14801 1566
327 376 14802 1560
327 376 14803 1621
326 377 14804 1630
325 378 14805 1688
324 378 14806 1718
323 379 14807 1717
322 379 14808 1745
322 380 14809 1774
321 381 14810 1759
320 381 14811 1823
319 382 14812 1771
319 382 14813 1767
318 383 14814 1749
317 383 14815 1711
316 384 14816 1690
316 385 14817 1703
314 385 14818 1677
313 386 14819 1731
313 386 14820 1713
312 387 14821 1806
311 388 14822 1780
311 388 14823 1798
310 389 14824 1796
309 389 14825 1799
308 390 14826 1799
308 391 14827 1819
307 391 14828 1873
306 392 14829 1892
305 392 14830 1912
304 393 14831 1899
304 393 14832 1914
303 394 14833 1945
302 395 14834 1925
302 395 14835 1990
301 396 14836 2023
300 397 14837 2006
299 397 14838 1961
299 397 14839 1942
298 398 14840 1944
297 399 14841 1967
296 399 14842 1918
296 400 14843 1853
295 401 14844 1795
294 401 14845 1829
293 402 14846 1904
293 402 14847 1865
292 403 14848 1828
291 403 14849 1779
290 404 14850 1802
290 405 14851 1757
289 405 14852 1719
288 406 14853 1774
287 406 14854 1796
286 407 14855 1801
286 408 14856 1821
285 408 14857 1827
284 409 14858 1813
284 409 14859 1787
283 410 14860 1775
282 410 14861 1842
282 411 14862 1827
281 411 14863 1847
280 412 14864 1826
279 412 14865 1782
279 413 14866 1766
278 414 14867 1800
277 414 14868 1696
276 415 14869 1654
276 415 14870 1627
275 416 14871 1537
274 416 14872 1582
273 417 14873 1610
273 417 14874 1550
272 418 14875 1621
271 419 14876 1734
270 419 14877 1597
270 419 14878 1523
269 420 14879 1506
269 421 14880 1511
268 422 14881 1529
267 422 14882 1484
266 422 14883 1527
266 423 14884 1538
265 423 14885 1527
264 424 14886 1543
264 424 14887 1571
263 425 14888 1563
262 426 14889 1580
262 426 14890 1556
261 427 14891 1491
260 427 14892 1526
259 428 14893 1475
259 428 14894 1484
258 429 14895 1500
257 429 14896 1506
256 430 14897 1440
256 430 14898 1421
255 431 14899 1488
254 432 14900 1469
254 432 14901 1464
253 433 14902 1491
252 433 14903 1446
252 434 14904 1441
251 434 14905 1448
250 435 14906 1479
250 436 14907 1469
248 436 14908 1432
248 437 14909 1472
248 437 14910 1461
247 437 14911 1467
246 438 14912 1491
246 438 14913 1489
246 439 14914 1499
244 440 14915 1510
243 440 14916 1491
243 440 14917 1475
242 441 14918 1488
241 442 14919 1483
241 442 14920 1419
240 443 14921 1406
239 443 14922 1431
239 444 14923 1397
238 444 14924 1401
237 445 14925 1369
237 445 14926 1395
237 445 14927 1381
236 447 14928 1348
235 447 14929 1373
234 448 14930 1382
233 448 14931 1405
233 449 14932 1419
233 449 14933 1462
232 450 14934 1453
231 450 14935 1427
230 451 14936 1427
230 451 14937 1490
229 452 14938 1507
229 452 14939 1492
227 453 14940 1533
228 453 14941 1540
226 454 14942 1471
226 454 14943 1455
225 455 14944 1451
224 455 14945 1459
223 456 14946 1408
223 456 14947 1406
222 457 14948 1415
222 457 14949 1394
221 458 14950 1373
221 459 14951 1339
220 459 14952 1359
219 460 14953 1331
218 460 14954 1341
218 460 14955 1318
217 461 14956 1354
217 461 14957 1360
216 462 14958 1394
215 462 14959 1376
214 463 14960 1406
214 463 14961 1414
214 463 14962 1399
213 464 14963 1422
212 465 14964 1451
212 465 14965 1471
211 466 14966 1478
211 466 14967 1465
209 466 14968 1391
208 467 14969 1378
208 468 14970 1423
208 468 14971 1457
207 469 14972 1461
205 469 14973 1465
206 470 14974 1422
205 470 14975 1416
204 471 14976 1345
204 471 14977 1308
203 471 14978 1315
202 472 14979 1321
202 472 14980 1346
201 473 14981 1348
200 473 14982 1388
200 474 14983 1352
199 474 14984 1366
199 475 14985 1390
198 475 14986 1429
197 476 14987 1455
197 476 14988 1454
196 476 14989 1457
196 477 14990 1433
195 477 14991 1482
195 478 14992 1517
194 478 14993 1518
193 479 14994 1489
193 479 14995 1420
192 480 14996 1421
191 481 14997 1444
191 481 14998 1446
190 482 14999 1394
189 482 15000 1384
189 482 15001 1379
188 483 15002 1323
188 483 15003 1326
187 484 15004 1378
186 484 15005 1368
186 484 15006 1329
185 485 15007 1315
184 486 15008 1276
184 486 15009 1267
184 486 15010 1270
183 487 15011 1273
183 487 15012 1259
182 488 15013 1286
180 488 15014 1310
180 489 15015 1318
180 489 15016 1343
179 490 15017 1396
179 490 15018 1414
178 490 15019 1424
177 491 15020 1366
177 491 15021 1386
176 492 15022 1375
175 492 15023 1328
175 492 15024 1261
175 493 15025 1280
174 494 15026 1257
174 494 15027 1235
173 494 15028 1226
172 495 15029 1270
172 496 15030 1234
171 496 15031 1264
170 496 15032 1261
170 497 15033 1236
170 497 15034 1251
169 498 15035 1261
168 498 15036 1278
168 498 15037 1227
167 499 15038 1212
167 499 15039 1224
165 500 15040 1216
165 500 15041 1225
165 501 15042 1182
164 501 15043 1184
164 502 15044 1208
162 502 15045 1278
163 502 15046 1262
161 503 15047 1262
161 503 15048 1242
161 504 15049 1237
160 504 15050 1240
160 505 15051 1258
159 505 15052 1234
159 505 15053 1216
158 506 15054 1198
157 506 15055 1198
157 507 15056 1191
155 507 15057 1192
156 508 15058 1226
155 508 15059 1196
155 508 15060 1211
153 509 15061 1165
153 509 15062 1145
153 510 15063 1155
152 510 15064 1165
152 511 15065 1179
152 511 15066 1180
151 512 15067 1174
150 512 15068 1159
150 512 15069 1188
149 513 15070 1194
149 513 15071 1145
148 514 15072 1179
147 514 15073 1169
147 515 15074 1113
146 515 15075 1113
146 515 15076 1121
146 516 15077 1161
144 516 15078 1169
144 516 15079 1162
143 517 15080 1110
143 517 15081 1102
142 518 15082 1059
142 518 15083 1080
141 519 15084 1110
141 519 15085 1070
141 519 15086 1079
140 519 15087 1092
138 520 15088 1091
138 521 15089 1145
138 521 15090 1188
138 521 15091 1222
136 522 15092 1206
136 522 15093 1231
136 523 15094 1221
136 523 15095 1235
135 523 15096 1259
134 524 15097 1295
134 524 15098 1292
134 524 15099 1259
132 525 15100 1222
132 525 15101 1228
132 526 15102 1190
131 526 15103 1185
130 527 15104 1201
130 527 15105 1167
130 527 15106 1194
130 527 15107 1144
128 528 15108 1080
128 528 15109 1108
127 529 15110 1103
127 529 15111 1093
127 529 15112 1101
127 529 15113 1105
126 530 15114 1121
124 531 15115 1124
125 531 15116 1091
123 532 15117 1086
123 532 15118 1086
123 532 15119 1079
121 533 15120 1118
122 533 15121 1151
122 533 15122 1163
120 534 15123 1196
120 534 15124 1181
120 534 15125 1141
118 535 15126 1155
119 536 15127 1139
118 536 15128 1148
117 536 15129 1114
117 537 15130 1119
117 537 15131 1074
116 537 15132 1046
116 538 15133 1084
114 538 15134 1037
115 539 15135 1050
114 539 15136 1057
113 539 15137 1054
113 540 15138 1047
113 540 15139 1046
111 541 15140 1063
111 541 15141 1056
111 541 15142 1044
111 542 15143 1112
109 542 15144 1073
109 542 15145 1068
109 543 15146 1089
109 543 15147 1122
109 543 15148 1135
109 543 15149 1136
109 543 15150 1138
105 545 15151 1187
105 545 15152 1140
105 545 15153 1130
106 546 15154 1129
106 546 15155 1126
106 546 15156 1089
104 547 15157 1075
104 547 15158 1057
102 548 15159 1086
102 548 15160 1076
102 548 15161 1090
100 549 15162 1071
100 549 15163 1069
100 550 15164 1088
100 550 15165 1160
100 550 15166 1165
99 551 15167 1160
97 551 15168 1167
96 552 15169 1135
96 552 15170 1151
96 552 15171 1155
96 552 15172 1165
96 553 15173 1136
95 553 15174 1098
95 553 15175 1074
95 553 15176 5429
95 553 15177 5568
93 555 15178 1169
93 555 15179 1148
93 555 15180 995
91 556 15181 981
91 556 15182 973
91 556 15183 950
90 557 15184 952
90 557 15185 984
90 557 15186 990
88 558 15187 942
88 558 15188 938
88 559 15189 936
87 559 15190 975
87 559 15191 987
87 560 15192 999
87 560 15193 995
87 560 15194 1018
87 560 15195 1032
85 561 15196 1027
85 561 15197 1037
83 562 15198 1042
83 562 15199 1079
83 562 15200 1123
81 563 15201 1174
81 563 15202 1138
81 564 15203 1127
81 564 15204 1097
81 564 15205 1069
80 565 15206 982
79 565 15207 964
79 565 15208 1017
77 566 15209 980
77 566 15210 970
77 567 15211 983
77 567 15212 18661
77 567 15213 18662
76 567 15214 18680
76 568 15215 18639
76 568 15216 18630
76 568 15217 18611
74 569 15218 18630
74 569 15219 18667
73 570 15220 18627
73 570 15221 18636
72 571 15222 18673
72 571 15223 18723
72 571 15224 18724
71 571 15225 17166
70 572 15226 1117
70 572 15227 1134
70 573 15228 1136
69 573 15229 1100
69 573 15230 1101
69 573 15231 1075
67 574 15232 1036
67 574 15233 997
68 574 15234 1005
66 575 15235 967
66 575 15236 991
66 575 15237 1014
65 576 15238 995
65 576 15239 978
65 576 15240 944
63 577 15241 18639
63 577 15242 18621
62 578 15243 18602
62 578 15244 18597
62 578 15245 18627
61 579 15246 18664
61 579 15247 18659
61 579 15248 18641
60 580 15249 18647
60 580 15250 18662
60 580 15251 18746
58 581 15252 18755
58 581 15253 1066
58 581 15254 1007
58 582 15255 980
58 581 15256 989
57 582 15257 948
57 582 15258 938
56 583 15259 956
56 583 15260 1014
55 583 15261 1008
54 584 15262 990
54 584 15263 964
53 585 15264 915
53 585 15265 950
52 585 15266 940
52 585 15267 939
52 586 15268 928
51 586 15269 18554
51 586 15270 18524
50 587 15271 18589
50 587 15272 18564
50 587 15273 18546
49 588 15274 18536
48 588 15275 18590
48 588 15276 18595
48 589 15277 18604
48 589 15278 18652
47 589 15279 18648
47 589 15280 18594
47 590 15281 18514
22 582 15282 1000
22 582 15283 1037
22 582 15284 972
22 582 15285 975
22 582 15286 1002
21 582 15287 974
21 582 15288 941
22 582 15289 938
21 582 15290 918
20 582 15291 916
22 582 15292 925
22 582 15293 910
22 583 15294 950
