136 625 1853
139 625 1854
143 625 1855
147 625 1856
150 625 1857
155 626 1858
159 627 1859
162 627 1860
166 627 1861
170 627 1862
173 628 1863
176 628 1864
179 628 1865
182 629 1866
185 629 1867
188 629 1868
191 630 1869
194 630 1870
197 631 1871
201 631 1872
203 631 1873
206 631 1874
209 632 1875
212 632 1876
214 633 1877
217 633 1878
220 633 1879
222 633 1880
226 633 1881
229 634 1882
232 634 1883
234 634 1884
237 635 1885
240 635 1886
243 635 1887
247 635 1888
249 636 1889
251 636 1890
255 636 1891
257 637 1892
260 637 1893
264 637 1894
266 637 1895
269 638 1896
271 638 1897
274 638 1898
277 638 1899
279 638 1900
282 638 1901
284 639 1902
286 639 1903
288 639 1904
291 639 1905
293 639 1906
296 640 1907
298 640 1908
300 640 1909
302 641 1910
304 641 1911
306 641 1912
307 642 1913
309 642 1914
311 642 1915
312 643 1916
315 643 1917
317 643 1918
321 644 1919
324 644 1920
326 645 1921
676 677 1922
679 677 2103
682 677 2104
684 677 2105
686 677 2106
689 677 2107
692 677 2108
695 677 2109
698 678 2110
701 678 2111
702 678 2112
705 678 2113
708 678 2114
711 678 2115
714 678 2116
716 678 2117
718 678 2118
720 678 2119
722 678 2120
725 678 2121
728 679 2122
730 679 2123
731 679 2124
734 679 2125
737 679 2126
739 680 2127
741 680 2128
744 680 2129
747 680 2130
750 680 2131
752 680 2132
754 680 2133
755 680 2134
758 680 2135
759 680 2136
762 680 2137
765 680 2138
768 680 2139
771 681 2140
773 681 2141
776 681 2142
778 681 2143
781 682 2144
784 681 2145
787 681 2146
790 681 2147
792 681 2148
795 681 2149
799 682 2150
802 682 2151
804 682 2152
807 682 2153
810 682 2154
813 682 2155
816 683 2156
819 683 2157
821 683 2158
823 683 2159
826 683 2160
829 683 2161
831 683 2162
834 683 2163
837 684 2164
839 684 2165
841 684 2166
843 684 2167
845 684 2168
847 684 2169
850 684 2170
852 685 2171
854 685 2172
856 685 2173
857 685 2174
859 685 2175
862 686 2176
864 686 2177
865 686 2178
867 686 2179
869 686 2180
871 687 2181
872 687 2182
874 687 2183
877 687 2184
879 687 2185
881 687 2186
882 686 2187
882 686 2188
884 686 2189
884 685 2190
1816 310 2191
1803 308 3283
1790 307 3284
1776 306 3285
1761 304 3286
1746 302 3287
1732 301 3288
1716 299 3289
1700 297 3290
1685 296 3291
1669 294 3292
1652 292 3293
1636 289 3294
1620 287 3295
1604 285 3296
1587 284 3297
1570 281 3298
1554 279 3299
1537 276 3300
1519 274 3301
1501 272 3302
1485 269 3303
1467 266 3304
1449 264 3305
1431 261 3306
1412 259 3307
1394 256 3308
1376 254 3309
1357 252 3310
1337 250 3311
1318 248 3312
1299 245 3313
1280 243 3314
1259 241 3315
1238 239 3316
1218 237 3317
1199 235 3318
1179 234 3319
1159 232 3320
1138 230 3321
1118 228 3322
1098 227 3323
1077 225 3324
1058 223 3325
1037 221 3326
1017 219 3327
998 218 3328
977 215 3329
956 214 3330
936 212 3331
915 210 3332
895 208 3333
875 206 3334
854 204 3335
835 202 3336
814 200 3337
793 199 3338
772 196 3339
752 195 3340
731 193 3341
710 190 3342
690 189 3343
669 187 3344
649 185 3345
628 184 3346
607 182 3347
586 181 3348
565 179 3349
545 177 3350
523 175 3351
504 175 3352
481 174 3353
462 173 3354
442 171 3355
422 168 3356
402 167 3357
384 165 3358
366 164 3359
347 163 3360
330 162 3361
313 162 3362
298 162 3363
283 162 3364
268 162 3365
254 162 3366
240 162 3367
227 162 3368
216 163 3369
206 165 3370
196 166 3371
186 166 3372
177 169 3373
168 170 3374
161 172 3375
155 174 3376
149 176 3377
143 178 3378
138 181 3379
132 184 3380
128 185 3381
124 188 3382
122 191 3383
119 194 3384
117 196 3385
115 200 3386
114 203 3387
112 205 3388
112 208 3389
112 211 3390
111 214 3391
111 216 3392
112 218 3393
113 221 3394
114 224 3395
115 227 3396
117 230 3397
119 233 3398
121 237 3399
124 240 3400
125 243 3401
127 247 3402
130 250 3403
131 254 3404
133 258 3405
136 261 3406
137 265 3407
139 269 3408
140 272 3409
143 275 3410
143 278 3411
146 281 3412
148 284 3413
148 287 3414
150 290 3415
151 293 3416
153 296 3417
155 299 3418
156 302 3419
158 304 3420
159 306 3421
161 309 3422
163 312 3423
164 314 3424
165 318 3425
166 322 3426
168 321 3427
170 324 3428
172 326 3429
174 328 3430
174 331 3431
175 332 3432
177 334 3433
179 336 3434
180 338 3435
181 341 3436
182 343 3437
183 345 3438
183 347 3439
184 349 3440
185 351 3441
185 352 3442
185 354 3443
187 356 3444
186 359 3445
186 359 3446
187 361 3447
188 363 3448
189 364 3449
189 366 3450
189 368 3451
188 369 3452
188 370 3453
190 372 3454
190 374 3455
191 375 3456
192 377 3457
193 378 3458
193 379 3459
194 381 3460
195 382 3461
196 383 3462
197 384 3463
198 386 3464
200 387 3465
201 388 3466
202 389 3467
203 390 3468
204 391 3469
205 392 3470
206 393 3471
207 394 3472
208 395 3473
209 396 3474
211 397 3475
212 398 3476
213 399 3477
215 400 3478
217 401 3479
219 402 3480
220 403 3481
222 404 3482
224 405 3483
226 406 3484
228 407 3485
230 408 3486
233 409 3487
236 410 3488
238 411 3489
241 412 3490
244 413 3491
246 413 3492
248 414 3493
251 416 3494
254 416 3495
256 417 3496
259 418 3497
262 419 3498
265 420 3499
267 420 3500
270 421 3501
272 422 3502
275 422 3503
278 423 3504
280 424 3505
282 424 3506
285 425 3507
287 426 3508
288 426 3509
291 427 3510
293 428 3511
294 429 3512
296 430 3513
298 430 3514
300 431 3515
302 432 3516
303 433 3517
305 434 3518
307 435 3519
309 436 3520
310 437 3521
312 438 3522
314 439 3523
316 441 3524
317 442 3525
319 443 3526
321 443 3527
323 445 3528
324 446 3529
326 447 3530
328 448 3531
329 449 3532
331 450 3533
333 451 3534
335 452 3535
337 453 3536
339 454 3537
340 455 3538
342 456 3539
343 457 3540
345 459 3541
347 460 3542
348 460 3543
350 462 3544
350 462 3545
352 463 3546
354 464 3547
355 465 3548
355 466 3549
356 467 3550
356 467 3551
357 468 3552
357 469 3553
357 470 3554
357 470 3555
357 471 3556
356 472 3557
355 473 3558
355 473 3559
354 474 3560
353 475 3561
351 476 3562
350 477 3563
349 477 3564
348 478 3565
346 479 3566
344 480 3567
342 481 3568
340 482 3569
340 482 3570
334 483 3571
332 483 3572
330 484 3573
327 484 3574
324 483 3575
321 482 3576
318 482 3577
315 480 3578
313 479 3579
310 477 3580
307 475 3581
304 473 3582
301 471 3583
298 468 3584
295 466 3585
292 464 3586
289 461 3587
287 458 3588
284 455 3589
281 452 3590
278 449 3591
275 446 3592
273 443 3593
270 440 3594
268 438 3595
265 435 3596
263 433 3597
260 430 3598
258 427 3599
255 424 3600
253 422 3601
251 419 3602
249 416 3603
247 414 3604
245 411 3605
243 409 3606
241 406 3607
239 404 3608
238 401 3609
236 398 3610
234 396 3611
233 393 3612
231 391 3613
229 389 3614
228 387 3615
226 384 3616
224 382 3617
223 381 3618
221 379 3619
219 378 3620
218 376 3621
216 375 3622
216 374 3623
215 373 3624
213 371 3625
212 370 3626
211 369 3627
209 369 3628
209 368 3629
207 368 3630
207 367 3631
207 366 3632
207 366 3633
207 366 3634
207 365 3635
207 365 3636
207 365 3637
208 365 3638
209 364 3639
209 364 3640
211 364 3641
213 364 3642
214 364 3643
216 364 3644
218 364 3645
221 364 3646
223 364 3647
226 364 3648
228 364 3649
231 364 3650
234 364 3651
236 365 3652
240 365 3653
243 366 3654
245 366 3655
249 367 3656
253 368 3657
256 368 3658
261 370 3659
264 371 3660
268 373 3661
273 374 3662
276 376 3663
281 377 3664
286 379 3665
290 380 3666
295 382 3667
300 384 3668
305 386 3669
310 387 3670
315 389 3671
321 391 3672
328 393 3673
333 395 3674
338 396 3675
345 398 3676
351 400 3677
356 402 3678
362 404 3679
368 406 3680
373 408 3681
378 410 3682
384 412 3683
390 414 3684
396 416 3685
402 418 3686
406 420 3687
411 422 3688
416 424 3689
422 425 3690
428 427 3691
432 429 3692
438 431 3693
443 433 3694
448 434 3695
453 436 3696
458 437 3697
463 439 3698
468 441 3699
474 443 3700
478 444 3701
483 445 3702
487 447 3703
491 448 3704
496 450 3705
501 451 3706
505 452 3707
509 454 3708
514 456 3709
518 457 3710
523 458 3711
527 460 3712
531 462 3713
535 463 3714
540 464 3715
544 466 3716
547 467 3717
552 468 3718
556 469 3719
560 470 3720
563 472 3721
567 473 3722
571 474 3723
575 475 3724
579 477 3725
583 478 3726
586 479 3727
589 480 3728
593 482 3729
596 483 3730
600 484 3731
603 485 3732
607 486 3733
611 487 3734
615 489 3735
618 490 3736
621 491 3737
625 492 3738
629 500 3739
632 500 3740
633 500 3741
637 500 3742
639 502 3743
642 502 3744
645 502 3745
647 503 3746
650 504 3747
652 504 3748
656 505 3749
660 505 3750
662 506 3751
663 507 3752
668 508 3753
670 508 3754
674 509 3755
676 510 3756
679 511 3757
682 511 3758
684 512 3759
686 514 3760
690 515 3761
691 515 3762
694 516 3763
697 517 3764
700 518 3765
702 518 3766
704 519 3767
706 520 3768
707 521 3769
710 522 3770
712 523 3771
714 523 3772
715 524 3773
718 525 3774
719 526 3775
721 527 3776
722 528 3777
724 528 3778
727 529 3779
729 530 3780
732 531 3781
733 532 3782
735 532 3783
737 533 3784
738 534 3785
741 534 3786
742 535 3787
744 536 3788
746 537 3789
747 537 3790
749 539 3791
751 540 3792
752 540 3793
755 540 3794
757 541 3795
758 542 3796
760 542 3797
762 543 3798
763 544 3799
766 545 3800
767 545 3801
769 546 3802
770 547 3803
772 547 3804
774 548 3805
775 549 3806
777 549 3807
778 550 3808
780 551 3809
782 552 3810
784 552 3811
785 553 3812
787 554 3813
789 555 3814
791 555 3815
793 555 3816
795 556 3817
797 557 3818
798 557 3819
801 558 3820
802 559 3821
804 559 3822
805 560 3823
808 561 3824
810 561 3825
811 562 3826
813 562 3827
814 563 3828
816 563 3829
818 564 3830
820 565 3831
821 565 3832
822 566 3833
825 566 3834
826 567 3835
828 567 3836
829 568 3837
831 568 3838
832 569 3839
835 569 3840
836 570 3841
837 570 3842
839 571 3843
840 572 3844
842 572 3845
843 573 3846
845 573 3847
846 574 3848
848 574 3849
850 574 3850
851 575 3851
853 576 3852
854 576 3853
855 576 3854
857 577 3855
859 577 3856
860 578 3857
862 578 3858
863 579 3859
865 579 3860
866 579 3861
868 580 3862
870 580 3863
871 581 3864
873 581 3865
874 581 3866
875 582 3867
877 582 3868
879 582 3869
880 582 3870
882 583 3871
884 583 3872
886 583 3873
887 583 3874
890 584 3875
891 584 3876
893 584 3877
895 584 3878
897 585 3879
899 585 3880
901 585 3881
903 585 3882
905 585 3883
907 586 3884
909 586 3885
911 586 3886
914 586 3887
916 586 3888
918 586 3889
921 587 3890
923 587 3891
925 587 3892
927 587 3893
930 587 3894
932 587 3895
935 588 3896
938 588 3897
940 588 3898
943 588 3899
946 588 3900
949 588 3901
951 589 3902
954 589 3903
956 589 3904
960 589 3905
963 589 3906
966 589 3907
969 589 3908
971 589 3909
974 589 3910
977 589 3911
980 589 3912
983 590 3913
986 590 3914
989 590 3915
992 590 3916
999 590 3918
1002 590 3919
1005 591 3920
1009 590 3921
1012 590 3922
1015 590 3923
1018 591 3924
1022 591 3925
1025 591 3926
1027 591 3927
1031 591 3928
1033 591 3929
1037 591 3930
1040 591 3931
1042 591 3932
1045 591 3933
1048 591 3934
1051 591 3935
1054 591 3936
1056 591 3937
1058 591 3938
1061 591 3939
1064 591 3940
1067 591 3941
1069 592 3942
1072 592 3943
1074 592 3944
1077 592 3945
1079 592 3946
1082 592 3947
1085 592 3948
1087 592 3949
1089 593 3950
1091 593 3951
1094 593 3952
1096 593 3953
1097 593 3954
1100 593 3955
1103 593 3956
1105 594 3957
1107 594 3958
1109 594 3959
1111 594 3960
1113 595 3961
1115 595 3962
1117 595 3963
1121 595 3964
1121 596 3965
1123 597 3966
1126 597 3967
1128 597 3968
1129 597 3969
1131 596 3970
1713 486 3971
1716 485 4436
1719 484 4437
1721 483 4438
1723 481 4439
1725 480 4440
1728 479 4441
1730 478 4442
1732 476 4443
1735 475 4444
1738 474 4445
1739 472 4446
1742 472 4447
1745 470 4448
1748 469 4449
1751 468 4450
1754 466 4451
1756 465 4452
1760 464 4453
1763 462 4454
1765 461 4455
1768 459 4456
1771 458 4457
1774 457 4458
1777 455 4459
1780 454 4460
1783 452 4461
1785 451 4462
1789 449 4463
1792 448 4464
1796 446 4465
1798 445 4466
1801 443 4467
1804 441 4468
1807 440 4469
1810 438 4470
1814 437 4471
1817 435 4472
1820 433 4473
1824 432 4474
1827 430 4475
1830 428 4476
1833 427 4477
1837 426 4478
1841 424 4479
1844 423 4480
1848 421 4481
1851 419 4482
1855 418 4483
1858 416 4484
1862 415 4485
1865 413 4486
1870 412 4487
1873 410 4488
1877 408 4489
1881 407 4490
1886 405 4491
1890 403 4492
1894 401 4493
1898 400 4494
1902 398 4495
1903 396 4496
1904 394 4497
1904 392 4498
1904 389 4499
1904 386 4500
1904 386 4501
1846 362 4502
1843 363 5341
1839 364 5342
1836 365 5343
1833 366 5344
1829 367 5345
1827 368 5346
1823 370 5347
1820 371 5348
1816 372 5349
1812 373 5350
1809 374 5351
1805 375 5352
1802 376 5353
1798 377 5354
1795 378 5355
1792 379 5356
1788 380 5357
1785 381 5358
1782 382 5359
1778 383 5360
1775 384 5361
1772 385 5362
1768 386 5363
1765 387 5364
1762 388 5365
1759 388 5366
1756 389 5367
1753 390 5368
1750 391 5369
1747 392 5370
1743 392 5371
1740 393 5372
1737 394 5373
1735 395 5374
1732 396 5375
1729 396 5376
1725 397 5377
1722 398 5378
1719 399 5379
1717 400 5380
1713 400 5381
1710 401 5382
1707 402 5383
1705 403 5384
1702 403 5385
1699 404 5386
1696 405 5387
1693 406 5388
1690 406 5389
1688 407 5390
1686 408 5391
1682 409 5392
1679 409 5393
1677 410 5394
1674 410 5395
1671 411 5396
1669 412 5397
1666 412 5398
1663 413 5399
1661 414 5400
1658 414 5401
1655 415 5402
1653 416 5403
1650 416 5404
1647 417 5405
1645 417 5406
1642 418 5407
1640 419 5408
1637 419 5409
1634 420 5410
1632 421 5411
1629 421 5412
1627 422 5413
1624 422 5414
1621 423 5415
1619 423 5416
1617 424 5417
1615 425 5418
1612 425 5419
1609 426 5420
1607 426 5421
1604 427 5422
1602 427 5423
1600 428 5424
1598 428 5425
1595 429 5426
1592 429 5427
1590 430 5428
1587 430 5429
1585 431 5430
1583 431 5431
1581 432 5432
1579 432 5433
1576 433 5434
1574 433 5435
1572 434 5436
1569 435 5437
1567 435 5438
1565 435 5439
1563 436 5440
1561 436 5441
1558 437 5442
1556 437 5443
1554 437 5444
1551 438 5445
1549 438 5446
1547 439 5447
1545 440 5448
1542 440 5449
1540 440 5450
1538 441 5451
1536 441 5452
1534 442 5453
1532 442 5454
1530 442 5455
1528 443 5456
1525 443 5457
1523 444 5458
1521 444 5459
1519 444 5460
1517 445 5461
1515 445 5462
1513 446 5463
1511 446 5464
1509 447 5465
1507 447 5466
1505 447 5467
1503 448 5468
1501 448 5469
1498 449 5470
1496 449 5471
1494 449 5472
1492 450 5473
1490 450 5474
1488 450 5475
1486 451 5476
1484 451 5477
1482 451 5478
1481 452 5479
1479 452 5480
1477 452 5481
1475 453 5482
1473 453 5483
1471 453 5484
1469 454 5485
1467 454 5486
1465 454 5487
1463 455 5488
1461 455 5489
1459 455 5490
1457 456 5491
1456 456 5492
1454 456 5493
1452 457 5494
1450 457 5495
1448 457 5496
1446 458 5497
1444 458 5498
1443 458 5499
1440 458 5500
1438 459 5501
1436 459 5502
1435 459 5503
1433 459 5504
1431 459 5505
1429 459 5506
1427 459 5507
1426 460 5508
1424 460 5509
1423 460 5510
1421 460 5511
1419 460 5512
1417 460 5513
1416 461 5514
1414 461 5515
1412 461 5516
1410 461 5517
1409 461 5518
1407 461 5519
1407 461 5520
1403 461 5521
1401 461 5522
1400 461 5523
1398 461 5524
1396 461 5525
1395 461 5526
1393 461 5527
1392 461 5528
1390 461 5529
1388 461 5530
1387 461 5531
1385 461 5532
1384 461 5533
1382 461 5534
1381 461 5535
1379 461 5536
1377 461 5537
1376 461 5538
1374 461 5539
1372 461 5540
1371 461 5541
1369 461 5542
1368 460 5543
1366 460 5544
1364 460 5545
1363 460 5546
1362 460 5547
1360 460 5548
1358 460 5549
1356 460 5550
1356 459 5551
1354 459 5552
1352 459 5553
1350 459 5554
1348 459 5555
1348 459 5556
1346 458 5557
1344 458 5558
1342 458 5559
1341 458 5560
1339 458 5561
1338 457 5562
1336 457 5563
1335 457 5564
1333 457 5565
1331 456 5566
1330 456 5567
1329 456 5568
1327 455 5569
1325 455 5570
1323 455 5571
1322 454 5572
1320 454 5573
1319 454 5574
1317 453 5575
1315 453 5576
1314 453 5577
1312 453 5578
1310 452 5579
1308 452 5580
1307 451 5581
1305 451 5582
1303 451 5583
1302 450 5584
1300 450 5585
1298 450 5586
1297 449 5587
1295 449 5588
1293 448 5589
1291 448 5590
1289 447 5591
1288 446 5592
1286 446 5593
1285 445 5594
1283 445 5595
1281 444 5596
1279 444 5597
1277 443 5598
1276 443 5599
1274 442 5600
1272 442 5601
1270 441 5602
1269 441 5603
1267 441 5604
1265 440 5605
1264 440 5606
1262 439 5607
1260 439 5608
1258 438 5609
1256 438 5610
1255 437 5611
1253 437 5612
1251 436 5613
1250 436 5614
1248 435 5615
1245 435 5616
1244 434 5617
1242 433 5618
1240 433 5619
1238 432 5620
1236 432 5621
1234 431 5622
1232 431 5623
1230 430 5624
1228 429 5625
1226 429 5626
1224 428 5627
1222 427 5628
1221 427 5629
1218 426 5630
1216 425 5631
1214 425 5632
1212 424 5633
1210 424 5634
1208 423 5635
1206 422 5636
1205 422 5637
1202 421 5638
1200 420 5639
1198 420 5640
1196 419 5641
1194 418 5642
1192 417 5643
1190 417 5644
1188 416 5645
1186 415 5646
1184 415 5647
1182 414 5648
1180 413 5649
1178 412 5650
1176 412 5651
1173 411 5652
1171 410 5653
1169 409 5654
1168 408 5655
1166 408 5656
1163 407 5657
1161 406 5658
1159 405 5659
1157 405 5660
1155 404 5661
1152 403 5662
1150 402 5663
1148 402 5664
1146 401 5665
1144 400 5666
1141 399 5667
1139 398 5668
1137 398 5669
1135 397 5670
1132 396 5671
1130 395 5672
1128 394 5673
1126 393 5674
1124 393 5675
1121 392 5676
1119 391 5677
1117 390 5678
1115 389 5679
1113 389 5680
1111 388 5681
1109 387 5682
1106 386 5683
1104 386 5684
1102 385 5685
1100 384 5686
1098 384 5687
1096 382 5688
1093 382 5689
1091 381 5690
1089 380 5691
1087 379 5692
1085 378 5693
1083 377 5694
1081 377 5695
1079 376 5696
1077 375 5697
1075 374 5698
1073 373 5699
1071 372 5700
1068 372 5701
1067 371 5702
1065 370 5703
1063 369 5704
1061 369 5705
1059 367 5706
1057 366 5707
1055 365 5708
1053 364 5709
1052 363 5710
1049 363 5711
1047 362 5712
1045 361 5713
1043 360 5714
1042 359 5715
1040 358 5716
1037 357 5717
1035 356 5718
1034 355 5719
1032 354 5720
1030 354 5721
1028 353 5722
1026 352 5723
1024 351 5724
1022 350 5725
1021 350 5726
1019 348 5727
1017 347 5728
1015 346 5729
1013 345 5730
1011 344 5731
1010 344 5732
1007 342 5733
1006 342 5734
1004 340 5735
1002 340 5736
1000 338 5737
998 337 5738
996 336 5739
995 335 5740
992 334 5741
991 333 5742
989 333 5743
987 331 5744
985 330 5745
983 329 5746
980 328 5747
978 327 5748
976 326 5749
973 326 5750
972 324 5751
968 323 5752
966 322 5753
964 321 5754
962 321 5755
959 319 5756
957 319 5757
954 317 5758
952 316 5759
949 315 5760
947 314 5761
944 313 5762
942 313 5763
939 311 5764
937 310 5765
935 309 5766
932 309 5767
929 307 5768
927 306 5769
925 304 5770
922 304 5771
920 302 5772
918 302 5773
915 300 5774
912 299 5775
910 298 5776
908 297 5777
906 296 5778
904 295 5779
901 294 5780
898 292 5781
897 291 5782
895 290 5783
892 289 5784
890 287 5785
887 286 5786
885 285 5787
883 284 5788
881 283 5789
878 282 5790
874 280 5791
873 279 5792
871 279 5793
868 277 5794
866 276 5795
863 275 5796
860 273 5797
858 272 5798
855 271 5799
853 270 5800
850 269 5801
847 267 5802
844 266 5803
842 265 5804
839 263 5805
837 262 5806
835 260 5807
833 259 5808
831 258 5809
828 257 5810
825 256 5811
823 254 5812
820 252 5813
818 252 5814
816 250 5815
814 249 5816
810 248 5817
809 246 5818
806 245 5819
803 244 5820
801 242 5821
799 241 5822
796 240 5823
793 238 5824
791 237 5825
789 235 5826
787 234 5827
784 232 5828
782 231 5829
779 229 5830
776 228 5831
774 226 5832
771 224 5833
769 223 5834
767 221 5835
765 219 5836
755 202 5837
755 202 5838
755 202 5839
755 204 5840
755 205 5841
754 204 5842
754 203 5843
755 202 5844
756 201 5845
756 202 5846
757 201 5847
757 201 5848
757 202 5849
757 202 5850
757 202 5851
757 202 5852
758 202 5853
758 202 5854
758 202 5855
757 201 5856
699 177 5857
697 175 5862
694 174 5863
691 172 5864
689 170 5865
686 169 5866
684 168 5867
681 165 5868
679 164 5869
676 162 5870
673 160 5871
671 158 5872
668 156 5873
666 155 5874
663 153 5875
661 151 5876
658 149 5877
656 147 5878
653 145 5879
649 143 5880
647 141 5881
644 140 5882
642 137 5883
639 135 5884
636 133 5885
633 131 5886
630 129 5887
628 127 5888
624 125 5889
622 122 5890
618 120 5891
616 118 5892
613 116 5893
610 113 5894
607 111 5895
604 109 5896
601 107 5897
597 104 5898
595 102 5899
591 100 5900
588 98 5901
586 96 5902
582 93 5903
579 90 5904
577 88 5905
573 85 5906
570 84 5907
566 81 5908
564 79 5909
560 76 5910
557 74 5911
552 71 5912
551 68 5913
547 66 5914
544 63 5915
541 60 5916
537 58 5917
534 55 5918
531 52 5919
526 50 5920
523 47 5921
520 43 5922
517 41 5923
513 38 5924
509 35 5925
506 31 5926
502 29 5927
499 26 5928
495 22 5929
491 20 5930
479 24 5931
478 21 5932
477 20 5933
475 20 5934
473 20 5935
473 20 5936
1655 32 5937
1658 33 6462
1661 34 6463
1664 34 6464
1668 35 6465
1671 36 6466
1674 36 6467
1677 37 6468
1681 38 6469
1684 38 6470
1687 39 6471
1691 39 6472
1695 40 6473
1699 41 6474
1702 42 6475
1707 43 6476
1710 43 6477
1714 44 6478
1718 45 6479
1722 46 6480
1724 47 6481
1728 49 6482
1732 50 6483
1735 51 6484
1740 52 6485
1742 54 6486
1746 55 6487
1749 57 6488
1752 58 6489
1755 59 6490
1757 61 6491
1760 62 6492
1763 64 6493
1765 66 6494
1768 69 6495
1771 70 6496
1774 72 6497
1776 74 6498
1778 76 6499
1780 78 6500
1782 80 6501
1784 81 6502
1785 82 6503
1788 84 6504
1790 86 6505
1791 87 6506
1794 89 6507
1796 91 6508
1797 93 6509
1799 94 6510
1801 96 6511
1804 97 6512
1805 99 6513
1807 100 6514
1809 102 6515
1811 103 6516
1812 105 6517
1814 107 6518
1816 108 6519
1818 109 6520
1818 111 6521
1821 112 6522
1822 114 6523
1823 115 6524
1825 117 6525
1826 118 6526
1827 119 6527
1829 121 6528
1830 122 6529
1831 124 6530
1833 125 6531
1834 127 6532
1835 128 6533
1836 129 6534
1837 131 6535
1838 132 6536
1839 134 6537
1840 135 6538
1841 136 6539
1842 138 6540
1843 139 6541
1844 141 6542
1845 142 6543
1846 143 6544
1846 144 6545
1847 146 6546
1848 147 6547
1848 148 6548
1850 150 6549
1850 151 6550
1851 152 6551
1852 154 6552
1852 155 6553
1852 156 6554
1854 157 6555
1854 159 6556
1854 160 6557
1855 161 6558
1856 163 6559
1856 164 6560
1856 165 6561
1857 166 6562
1857 167 6563
1858 169 6564
1858 170 6565
1859 171 6566
1859 173 6567
1859 174 6568
1859 175 6569
1860 176 6570
1861 178 6571
1861 178 6572
1862 179 6573
1862 181 6574
1862 182 6575
1862 184 6576
1861 198 6577
1861 200 6578
1861 198 6579
1861 200 6580
1861 201 6581
1862 201 6582
1862 201 6583
1862 202 6584
1862 202 6585
1862 203 6586
1862 203 6587
1863 203 6588
1863 204 6589
1863 204 6590
1863 204 6591
1863 205 6592
1863 205 6593
1863 205 6594
1863 206 6595
1863 206 6596
1863 207 6597
1864 207 6598
1864 207 6599
1864 207 6600
1864 208 6601
1864 209 6602
1864 209 6603
1864 209 6604
1864 209 6605
1864 209 6606
1864 209 6607
1864 209 6608
1864 209 6609
1864 210 6610
1864 210 6611
1864 210 6612
1864 211 6613
1864 211 6614
1864 212 6615
1864 211 6616
1865 211 6617
1865 211 6618
1865 212 6619
1865 212 6620
1864 212 6621
1864 213 6622
1865 213 6623
1865 207 6624
1865 207 6625
1864 208 6626
1860 238 6627
1859 238 6633
1858 239 6634
1858 240 6635
1857 241 6636
1856 242 6637
1855 242 6638
1854 244 6639
1853 244 6640
1853 245 6641
1852 245 6642
1851 246 6643
1849 246 6644
1848 247 6645
1847 248 6646
1846 248 6647
1845 249 6648
1844 249 6649
1842 250 6650
1841 250 6651
1839 251 6652
1838 251 6653
1836 252 6654
1835 253 6655
1834 253 6656
1833 253 6657
1831 254 6658
1830 254 6659
1828 255 6660
1827 255 6661
1824 256 6662
1823 256 6663
1821 257 6664
1819 257 6665
1817 258 6666
1816 258 6667
1814 258 6668
1810 258 6669
1801 258 6670
1800 258 6671
1799 259 6672
1799 259 6673
1799 259 6674
1798 259 6675
1797 259 6676
1796 260 6677
1795 260 6678
1794 260 6679
1793 260 6680
1792 261 6681
1791 261 6682
1792 260 6683
1793 259 6684
1797 258 6685
1797 258 6686
1797 260 6687
1797 260 6688
1793 258 6689
1725 233 6690
1725 233 6697
1725 233 6698
1725 233 6699
1726 233 6700
1726 233 6701
1726 233 6702
1726 234 6703
1727 234 6704
1727 234 6705
1727 233 6706
1727 233 6707
1727 234 6708
1727 234 6709
1727 234 6710
1727 234 6711
1727 234 6712
1727 234 6713
1727 234 6714
1728 234 6715
1728 234 6716
1728 234 6717
1728 234 6718
1728 234 6719
1728 234 6720
1728 234 6721
1728 234 6722
1728 234 6723
1728 234 6724
1726 235 6725
1665 283 6726
1663 283 6737
1661 283 6738
1659 282 6739
1657 282 6740
1655 285 6741
1653 285 6742
1650 285 6743
1648 285 6744
1646 286 6745
1644 286 6746
1642 286 6747
1640 287 6748
1638 287 6749
1635 287 6750
1633 288 6751
1631 288 6752
1629 289 6753
1627 289 6754
1625 289 6755
1623 290 6756
1621 290 6757
1619 290 6758
1616 291 6759
1614 291 6760
1612 291 6761
1610 292 6762
1608 292 6763
1606 292 6764
1604 293 6765
1601 293 6766
1599 293 6767
1597 294 6768
1595 294 6769
1593 294 6770
1591 295 6771
1589 295 6772
1587 295 6773
1585 296 6774
1583 296 6775
1581 296 6776
1578 297 6777
1576 297 6778
1575 297 6779
1573 298 6780
1570 298 6781
1568 298 6782
1566 299 6783
1564 299 6784
1563 299 6785
1561 300 6786
1559 300 6787
1557 301 6788
1554 301 6789
1552 301 6790
1550 302 6791
1548 302 6792
1546 302 6793
1545 303 6794
1543 303 6795
1540 303 6796
1538 304 6797
1536 304 6798
1535 305 6799
1533 305 6800
1531 305 6801
1529 306 6802
1527 306 6803
1525 306 6804
1523 307 6805
1521 307 6806
1519 307 6807
1517 308 6808
1516 308 6809
1514 308 6810
1512 309 6811
1510 309 6812
1508 309 6813
1506 310 6814
1504 310 6815
1502 311 6816
1500 311 6817
1500 311 6818
1496 311 6819
1494 312 6820
1492 312 6821
1490 312 6822
1489 312 6823
1487 313 6824
1485 313 6825
1483 313 6826
1481 314 6827
1478 314 6828
1477 314 6829
1476 315 6830
1473 315 6831
1471 315 6832
1469 315 6833
1467 316 6834
1465 316 6835
1464 316 6836
1462 316 6837
1461 317 6838
1459 317 6839
1456 317 6840
1455 317 6841
1453 318 6842
1451 318 6843
1449 317 6844
1447 318 6845
1445 319 6846
1443 319 6847
1441 319 6848
1439 319 6849
1438 319 6850
1436 319 6851
1434 320 6852
1432 320 6853
1430 320 6854
1429 320 6855
1427 320 6856
1425 321 6857
1423 321 6858
1421 321 6859
1420 321 6860
1418 321 6861
1417 321 6862
1415 322 6863
1413 322 6864
1410 322 6865
1408 322 6866
1406 323 6867
1405 323 6868
1403 323 6869
1401 323 6870
1399 323 6871
1396 324 6872
1394 324 6873
1392 324 6874
1390 325 6875
1388 325 6876
1386 325 6877
1384 325 6878
1382 325 6879
1380 326 6880
1378 326 6881
1376 326 6882
1373 326 6883
1371 326 6884
1370 326 6885
1368 327 6886
1366 327 6887
1363 327 6888
1361 327 6889
1359 327 6890
1357 327 6891
1355 327 6892
1353 327 6893
1351 327 6894
1350 327 6895
1348 327 6896
1345 328 6897
1343 328 6898
1341 328 6899
1339 328 6900
1337 328 6901
1335 328 6902
1333 328 6903
1332 328 6904
1330 328 6905
1328 328 6906
1327 329 6907
1325 329 6908
1323 329 6909
1321 329 6910
1319 329 6911
1317 329 6912
1315 329 6913
1313 329 6914
1312 329 6915
1310 329 6916
1308 329 6917
1307 330 6918
1305 330 6919
1303 330 6920
1301 330 6921
1299 330 6922
1297 330 6923
1295 330 6924
1293 330 6925
1291 330 6926
1289 330 6927
1287 330 6928
1285 330 6929
1283 330 6930
1281 330 6931
1280 330 6932
1278 330 6933
1276 330 6934
1274 330 6935
1272 330 6936
1270 330 6937
1268 330 6938
1266 330 6939
1264 330 6940
1262 331 6941
1260 331 6942
1258 331 6943
1256 331 6944
1254 331 6945
1252 331 6946
1250 331 6947
1248 331 6948
1246 331 6949
1244 331 6950
1242 331 6951
1240 331 6952
1238 331 6953
1236 331 6954
1234 331 6955
1232 331 6956
1230 331 6957
1228 331 6958
1226 331 6959
1224 331 6960
1222 331 6961
1220 331 6962
1218 331 6963
1216 331 6964
1214 331 6965
1212 331 6966
1210 331 6967
1208 331 6968
1206 331 6969
1204 330 6970
1202 330 6971
1200 330 6972
1198 330 6973
1196 330 6974
1194 330 6975
1192 330 6976
1190 330 6977
1187 329 6978
1185 329 6979
1183 329 6980
1181 329 6981
1179 329 6982
1177 329 6983
1175 329 6984
1172 328 6985
1170 328 6986
1168 328 6987
1166 328 6988
1164 327 6989
1162 327 6990
1159 327 6991
1157 327 6992
1155 326 6993
1153 326 6994
1151 326 6995
1149 326 6996
1147 326 6997
1145 325 6998
1143 325 6999
1141 324 7000
1139 324 7001
1137 324 7002
1135 324 7003
1133 324 7004
1130 323 7005
1128 323 7006
1126 323 7007
1124 323 7008
1122 322 7009
1120 322 7010
1118 322 7011
1116 322 7012
1115 321 7013
1113 321 7014
1111 321 7015
1109 321 7016
1107 320 7017
1105 320 7018
1103 320 7019
1101 319 7020
1099 319 7021
1097 319 7022
1096 318 7023
1094 318 7024
1092 317 7025
1090 317 7026
1089 317 7027
1088 316 7028
1086 316 7029
1084 315 7030
1082 315 7031
1082 315 7032
1080 314 7033
1078 314 7034
1076 314 7035
1075 313 7036
1073 313 7037
1071 312 7038
1070 312 7039
1068 312 7040
1066 311 7041
1065 310 7042
1063 310 7043
1062 309 7044
1060 309 7045
1059 308 7046
1057 308 7047
1055 307 7048
1053 307 7049
1051 306 7050
1050 306 7051
1048 305 7052
1046 304 7053
1044 304 7054
1042 303 7055
1041 303 7056
1039 302 7057
1037 301 7058
1035 300 7059
1033 300 7060
1031 299 7061
1029 298 7062
1027 298 7063
1024 297 7064
1023 296 7065
1020 296 7066
1019 295 7067
1016 294 7068
1014 293 7069
1013 293 7070
1010 292 7071
1008 291 7072
1005 290 7073
1003 289 7074
1000 288 7076
998 287 7077
994 286 7078
993 285 7079
990 284 7080
988 284 7081
986 283 7082
985 282 7083
982 281 7084
980 280 7085
977 279 7086
976 278 7087
973 278 7088
971 277 7089
969 276 7090
967 275 7091
964 274 7092
962 273 7093
960 272 7094
957 271 7095
955 270 7096
953 269 7097
951 268 7098
949 268 7099
946 267 7100
944 266 7101
942 265 7102
940 264 7103
937 263 7104
935 262 7105
933 262 7106
931 260 7107
928 259 7108
926 258 7109
924 257 7110
922 257 7111
920 256 7112
917 254 7113
915 253 7114
913 253 7115
910 252 7116
909 251 7117
906 250 7118
904 249 7119
902 248 7120
901 247 7121
899 246 7122
897 244 7123
894 243 7124
893 243 7125
892 242 7126
890 241 7127
889 239 7128
887 238 7129
886 237 7130
885 236 7131
884 235 7132
882 234 7133
881 232 7134
880 232 7135
879 230 7136
878 229 7137
878 228 7138
876 227 7139
876 226 7140
875 225 7141
874 223 7142
874 221 7143
873 220 7144
872 218 7145
872 217 7146
872 216 7147
872 214 7148
872 214 7149
871 212 7150
871 210 7151
871 209 7152
871 208 7153
870 206 7154
870 205 7155
870 204 7156
870 202 7157
870 201 7158
870 199 7159
870 198 7160
870 197 7161
869 195 7162
869 193 7163
869 192 7164
869 190 7165
869 189 7166
869 187 7167
868 186 7168
868 184 7169
868 183 7170
868 181 7171
868 179 7172
867 178 7173
867 177 7174
867 175 7175
866 173 7176
866 172 7177
866 170 7178
866 169 7179
865 167 7180
865 165 7181
864 164 7182
864 163 7183
863 161 7184
863 159 7185
863 158 7186
862 157 7187
861 155 7188
861 154 7189
861 151 7190
860 150 7191
859 148 7192
859 147 7193
859 145 7194
858 143 7195
857 142 7196
856 140 7197
855 138 7198
855 137 7199
854 135 7200
853 133 7201
852 131 7202
852 130 7203
851 128 7204
850 127 7205
849 125 7206
848 123 7207
848 122 7208
847 120 7209
846 118 7210
845 116 7211
844 114 7212
842 113 7213
841 111 7214
840 109 7215
838 108 7216
837 106 7217
835 104 7218
834 102 7219
832 101 7220
831 99 7221
829 97 7222
826 96 7223
824 94 7224
822 92 7225
820 91 7226
819 89 7227
815 88 7228
814 86 7229
811 84 7230
810 83 7231
808 80 7232
805 79 7233
803 77 7234
802 75 7235
801 73 7236
799 71 7237
797 68 7238
796 67 7239
795 65 7240
794 62 7241
793 60 7242
792 58 7243
791 56 7244
790 54 7245
789 51 7246
789 50 7247
789 47 7248
789 45 7249
789 42 7250
789 41 7251
789 38 7252
790 36 7253
790 34 7254
790 31 7255
791 29 7256
792 27 7257
792 24 7258
793 22 7259
794 20 7260
795 17 7261
796 16 7262
796 16 7263
799 16 7264
800 16 7265
801 16 7266
801 16 7267
1185 45 7268
1186 48 7619
1186 51 7620
1186 53 7621
1186 56 7622
1186 59 7623
1186 61 7624
1186 64 7625
1186 66 7626
1186 69 7627
1186 71 7628
1186 74 7629
1186 77 7630
1186 80 7631
1186 82 7632
1185 85 7633
1184 88 7634
1184 90 7635
1185 93 7636
1185 96 7637
1185 99 7638
1185 102 7639
1184 104 7640
1184 107 7641
1184 110 7642
1185 113 7643
1185 115 7644
1184 118 7645
1184 121 7646
1184 124 7647
1184 126 7648
1184 129 7649
1184 131 7650
1183 135 7651
1183 138 7652
1183 141 7653
1184 144 7654
1183 146 7655
1183 149 7656
1183 151 7657
1183 154 7658
1184 157 7659
1184 160 7660
1183 163 7661
1183 165 7662
1184 168 7663
1184 170 7664
1184 173 7665
1184 175 7666
1184 178 7667
1184 181 7668
1185 184 7669
1185 186 7670
1184 189 7671
1184 191 7672
1185 194 7673
1185 197 7674
1184 199 7675
1184 202 7676
1184 205 7677
1184 207 7678
1184 210 7679
1184 212 7680
1183 215 7681
1183 218 7682
1184 221 7683
1183 223 7684
1183 226 7685
1183 229 7686
1183 231 7687
1183 234 7688
1183 237 7689
1183 239 7690
1183 242 7691
1183 244 7692
1183 247 7693
1182 249 7694
1182 252 7695
1182 255 7696
1182 257 7697
1182 260 7698
1182 263 7699
1182 266 7700
1182 267 7701
1182 270 7702
1182 273 7703
1182 275 7704
1182 278 7705
1182 281 7706
1182 283 7707
1182 286 7708
1183 289 7709
1182 291 7710
1182 294 7711
1182 296 7712
1183 299 7713
1183 301 7714
1183 304 7715
1184 307 7716
1183 309 7717
1183 312 7718
1183 315 7719
1183 317 7720
1184 320 7721
1184 323 7722
1184 325 7723
1184 328 7724
1184 330 7725
1185 333 7726
1184 335 7727
1184 338 7728
1184 340 7729
1184 344 7730
1184 346 7731
1184 349 7732
1184 351 7733
1184 354 7734
1185 356 7735
1185 360 7736
1185 362 7737
1185 365 7738
1185 367 7739
1184 370 7740
1184 373 7741
1184 375 7742
1184 378 7743
1184 380 7744
1184 383 7745
1184 386 7746
1184 388 7747
1184 391 7748
1183 393 7749
1183 396 7750
1184 399 7751
1184 402 7752
1184 404 7753
1184 406 7754
1184 409 7755
1184 412 7756
1184 414 7757
1184 416 7758
1184 419 7759
1184 422 7760
1184 424 7761
1184 427 7762
1184 429 7763
1184 432 7764
1184 434 7765
1184 436 7766
1184 438 7767
1185 439 7768
1185 440 7769
1185 441 7770
1186 442 7771
1186 443 7772
1187 444 7773
1187 444 7774
1187 445 7775
1187 445 7776
1187 445 7777
1188 445 7778
1188 445 7779
1189 445 7780
1190 445 7781
1191 445 7782
1192 445 7783
1193 446 7784
1194 446 7785
1195 446 7786
1196 446 7787
1197 447 7788
1198 447 7789
1200 447 7790
1202 447 7791
1203 448 7792
1205 449 7793
1207 450 7794
1209 450 7795
1211 451 7796
1213 452 7797
1215 453 7798
1218 453 7799
1219 454 7800
1222 455 7801
1224 456 7802
1226 457 7803
1228 458 7804
1231 459 7805
1232 460 7806
1235 461 7807
1238 462 7808
1240 463 7809
1242 464 7810
1245 465 7811
1247 466 7812
1249 468 7813
1253 469 7814
1255 470 7815
1257 471 7816
1259 473 7817
1261 474 7818
1264 475 7819
1266 477 7820
1268 478 7821
1269 479 7822
1271 481 7823
1272 482 7824
1274 483 7825
1275 485 7826
1277 486 7827
1278 487 7828
1278 489 7829
1280 490 7830
1281 492 7831
1281 493 7832
1282 495 7833
1283 496 7834
1284 498 7835
1284 499 7836
1285 501 7837
1285 502 7838
1286 503 7839
1286 505 7840
1286 506 7841
1287 507 7842
1288 508 7843
1288 509 7844
1288 510 7845
1288 512 7846
1289 513 7847
1289 514 7848
1291 515 7849
1291 516 7850
1291 517 7851
1291 518 7852
1291 519 7853
1293 520 7854
1293 521 7855
1293 522 7856
1293 523 7857
1294 524 7858
1294 525 7859
1295 527 7860
1295 527 7861
1295 527 7862
1296 529 7863
1297 530 7864
1297 531 7865
1297 531 7866
1296 532 7867
1296 532 7868
1297 533 7869
1297 533 7870
1298 534 7871
1298 534 7872
1299 535 7873
1298 535 7874
1298 535 7875
1298 536 7876
1298 536 7877
1298 537 7878
1298 538 7879
1299 538 7880
1299 538 7881
1299 538 7882
1299 539 7883
1299 539 7884
1299 539 7885
1299 539 7886
1300 540 7887
1300 540 7888
1300 539 7889
1301 539 7890
1300 539 7891
1300 538 7892
1301 538 7893
1301 538 7894
1301 537 7895
1301 537 7896
1301 537 7897
1301 536 7898
1302 535 7899
1301 535 7900
1301 534 7901
1301 534 7902
1302 533 7903
1302 533 7904
1302 532 7905
1303 531 7906
1303 530 7907
1303 529 7908
1303 528 7909
1303 526 7910
1302 525 7911
1302 523 7912
1303 521 7913
1303 519 7914
1304 517 7915
1304 515 7916
1305 513 7917
1304 511 7918
1304 509 7919
1304 507 7920
1305 505 7921
1305 502 7922
1305 500 7923
1305 497 7924
1305 495 7925
1305 492 7926
1305 491 7927
1305 488 7928
1305 485 7929
1305 482 7930
1306 480 7931
1305 478 7932
1305 476 7933
1305 473 7934
1305 470 7935
1305 468 7936
1306 466 7937
1306 463 7938
1305 461 7939
1305 458 7940
1305 456 7941
1305 453 7942
1305 451 7943
1306 448 7944
1306 446 7945
1305 443 7946
1305 441 7947
1305 438 7948
1305 436 7949
1305 434 7950
1305 431 7951
1305 429 7952
1306 426 7953
1305 424 7954
1305 422 7955
1305 419 7956
1305 417 7957
1305 414 7958
1305 412 7959
1305 409 7960
1305 407 7961
1305 404 7962
1305 402 7963
1305 400 7964
1305 397 7965
1305 395 7966
1305 392 7967
1305 390 7968
1304 387 7969
1304 385 7970
1304 382 7971
1304 380 7972
1305 377 7973
1304 375 7974
1304 373 7975
1305 371 7976
1305 369 7977
1305 366 7978
1305 364 7979
1305 361 7980
1305 359 7981
1305 356 7982
1305 354 7983
1305 351 7984
1305 349 7985
1305 346 7986
1304 344 7987
1304 341 7988
1304 338 7989
1304 337 7990
1304 334 7991
1304 332 7992
1304 329 7993
1304 327 7994
1304 325 7995
1304 322 7996
1304 319 7997
1304 317 7998
1304 315 7999
1303 312 8000
1303 310 8001
1304 307 8002
1303 305 8003
1303 303 8004
1303 301 8005
1303 298 8006
1303 296 8007
1303 293 8008
1303 291 8009
1302 288 8010
1302 286 8011
1303 283 8012
1303 281 8013
1303 278 8014
1303 276 8015
1303 273 8016
1303 271 8017
1303 268 8018
1303 266 8019
1303 263 8020
1302 261 8021
1302 259 8022
1302 256 8023
1302 254 8024
1302 251 8025
1302 249 8026
1302 246 8027
1303 244 8028
1303 242 8029
1303 239 8030
1303 237 8031
1303 234 8032
1302 232 8033
1302 229 8034
1302 227 8035
1302 225 8036
1301 222 8037
1301 220 8038
1302 218 8039
1302 215 8040
1302 212 8041
1302 210 8042
1302 208 8043
1302 206 8044
1302 203 8045
1302 201 8046
1302 198 8047
1302 196 8048
1302 193 8049
1302 191 8050
1302 189 8051
1302 187 8052
1302 184 8053
1302 182 8054
1303 179 8055
1303 177 8056
1303 175 8057
1303 172 8058
1303 169 8059
1302 167 8060
1302 164 8061
1303 162 8062
1303 160 8063
1303 158 8064
1303 155 8065
1303 153 8066
1303 150 8067
1303 147 8068
1303 145 8069
1303 143 8070
1303 141 8071
1303 138 8072
1303 136 8073
1303 133 8074
1303 131 8075
1303 129 8076
1303 126 8077
1303 124 8078
1303 122 8079
1303 119 8080
1303 117 8081
1303 114 8082
1303 111 8083
1303 109 8084
1302 106 8085
1302 104 8086
1303 102 8087
1303 100 8088
1303 97 8089
1303 95 8090
1303 92 8091
1302 90 8092
1302 87 8093
1302 85 8094
1302 83 8095
1302 80 8096
1303 78 8097
1302 76 8098
1302 73 8099
1302 71 8100
1302 69 8101
1302 67 8102
1302 64 8103
1302 61 8104
1302 59 8105
1302 57 8106
1302 55 8107
1302 52 8108
1301 50 8109
1301 47 8110
1301 45 8111
1302 42 8112
1302 40 8113
1302 37 8114
1302 35 8115
1302 35 8116
1301 29 8117
1301 27 8118
1302 25 8119
1302 22 8120
1302 20 8121
1302 17 8122
1302 16 8123
1301 16 8124
1301 16 8125
1302 16 8126
1302 16 8127
1302 16 8128
1302 16 8129
1302 16 8130
1302 16 8131
1302 16 8132
1302 16 8133
1241 64 8134
1238 65 8230
1234 66 8231
1231 67 8232
1228 68 8233
1224 69 8234
1221 70 8235
1217 71 8236
1214 72 8237
1209 73 8238
1205 74 8239
1202 75 8240
1198 76 8241
1194 77 8242
1191 78 8243
1187 79 8244
1183 80 8245
1179 80 8246
1175 81 8247
1171 81 8248
1167 82 8249
1163 83 8250
1160 83 8251
1156 84 8252
1152 84 8253
1148 85 8254
1143 85 8255
1139 86 8256
1136 86 8257
1132 87 8258
1128 87 8259
1124 87 8260
1120 88 8261
1115 89 8262
1111 89 8263
1108 89 8264
1103 90 8265
1099 90 8266
1095 90 8267
1090 91 8268
1086 91 8269
1082 91 8270
1078 91 8271
1074 91 8272
1069 91 8273
1065 92 8274
1061 92 8275
1056 92 8276
1052 92 8277
1048 92 8278
1043 92 8279
1039 92 8280
1035 92 8281
1030 92 8282
1025 91 8283
1021 91 8284
1018 91 8285
1014 90 8286
1010 90 8287
1006 90 8288
1002 89 8289
998 89 8290
995 88 8291
991 88 8292
987 87 8293
984 87 8294
980 86 8295
977 85 8296
974 85 8297
970 84 8298
968 83 8299
964 83 8300
961 82 8301
958 81 8302
955 81 8303
951 80 8304
948 79 8305
946 78 8306
943 77 8307
940 76 8308
937 75 8309
934 74 8310
931 73 8311
928 72 8312
925 71 8313
922 71 8314
919 67 8315
917 67 8316
913 66 8317
911 65 8318
908 63 8319
906 63 8320
903 61 8321
901 59 8322
898 58 8323
896 57 8324
893 55 8325
891 54 8326
888 52 8327
886 50 8328
885 49 8329
882 47 8330
880 45 8331
878 43 8332
876 42 8333
874 40 8334
872 38 8335
870 36 8336
868 34 8337
866 32 8338
864 30 8339
863 28 8340
861 26 8341
859 24 8342
857 22 8343
855 20 8344
853 18 8345
852 16 8346
850 16 8347
848 16 8348
847 16 8349
845 16 8350
844 16 8351
843 16 8352
841 16 8353
841 16 8354
841 16 8355
916 23 8356
916 25 8617
916 27 8618
916 30 8619
916 32 8620
916 34 8621
916 36 8622
915 39 8623
915 41 8624
915 44 8625
915 46 8626
915 48 8627
915 50 8628
914 53 8629
914 56 8630
914 58 8631
914 60 8632
914 63 8633
914 65 8634
914 67 8635
914 70 8636
914 72 8637
914 75 8638
913 78 8639
913 80 8640
913 82 8641
913 85 8642
913 87 8643
913 90 8644
914 92 8645
913 95 8646
913 96 8647
913 99 8648
913 101 8649
912 103 8650
912 106 8651
912 108 8652
912 110 8653
913 113 8654
913 115 8655
912 117 8656
912 119 8657
912 122 8658
911 124 8659
911 126 8660
911 128 8661
911 131 8662
911 133 8663
911 135 8664
911 137 8665
911 139 8666
911 142 8667
911 144 8668
911 146 8669
911 148 8670
911 150 8671
911 153 8672
911 155 8673
911 158 8674
911 160 8675
911 162 8676
911 164 8677
911 166 8678
911 168 8679
911 171 8680
911 173 8681
910 175 8682
910 177 8683
910 179 8684
910 181 8685
910 183 8686
910 184 8687
909 186 8688
909 186 8689
908 187 8690
908 188 8691
908 188 8692
907 188 8693
906 189 8694
904 189 8695
902 189 8696
902 189 8697
901 189 8698
899 189 8699
897 189 8700
895 189 8701
893 189 8702
891 188 8703
889 188 8704
886 188 8705
883 188 8706
880 188 8707
877 187 8708
873 187 8709
870 187 8710
867 187 8711
863 187 8712
859 187 8713
856 187 8714
852 187 8715
847 187 8716
843 187 8717
839 187 8718
834 186 8719
828 186 8720
823 186 8721
817 186 8722
813 186 8723
807 186 8724
801 186 8725
796 186 8726
790 186 8727
784 185 8728
777 185 8729
770 185 8730
764 185 8731
757 185 8732
750 185 8733
743 185 8734
737 185 8735
730 185 8736
722 185 8737
715 185 8738
707 185 8739
701 184 8740
694 184 8741
686 184 8742
680 184 8743
673 184 8744
667 184 8745
660 184 8746
653 184 8747
646 184 8748
640 184 8749
635 184 8750
630 184 8751
624 184 8752
619 184 8753
614 184 8754
609 184 8755
604 185 8756
600 185 8757
595 185 8758
591 186 8759
587 186 8760
584 186 8761
581 187 8762
578 187 8763
575 188 8764
575 188 8765
569 189 8766
567 189 8767
564 190 8768
562 191 8769
561 192 8770
559 193 8771
558 194 8772
556 195 8773
556 195 8774
556 197 8775
555 198 8776
555 199 8777
555 200 8778
555 201 8779
556 203 8780
556 204 8781
557 205 8782
556 205 8783
557 207 8784
558 208 8785
559 210 8786
561 211 8787
562 212 8788
564 214 8789
565 215 8790
567 216 8791
569 218 8792
571 220 8793
573 221 8794
575 223 8795
577 225 8796
580 226 8797
583 228 8798
585 230 8799
588 231 8800
592 233 8801
595 234 8802
598 236 8803
602 238 8804
606 239 8805
609 241 8806
613 242 8807
616 244 8808
620 246 8809
624 247 8810
628 249 8811
631 251 8812
635 253 8813
641 255 8814
645 257 8815
648 259 8816
653 261 8817
659 262 8818
664 264 8819
669 266 8820
674 268 8821
678 270 8822
683 271 8823
689 273 8824
694 274 8825
699 276 8826
704 279 8827
709 281 8828
714 282 8829
720 284 8830
726 286 8831
731 288 8832
736 290 8833
742 293 8834
748 295 8835
754 297 8836
759 299 8837
764 301 8838
770 302 8839
775 304 8840
781 306 8841
786 308 8842
791 309 8843
796 311 8844
802 313 8845
807 315 8846
813 316 8847
818 318 8848
823 319 8849
828 321 8850
833 323 8851
838 324 8852
843 326 8853
847 328 8854
852 329 8855
857 331 8856
863 333 8857
867 334 8858
872 336 8859
877 337 8860
880 339 8861
885 340 8862
890 342 8863
894 343 8864
899 345 8865
904 346 8866
907 348 8867
912 350 8868
916 351 8869
921 352 8870
926 354 8871
929 355 8872
933 357 8873
937 358 8874
941 359 8875
945 361 8876
950 362 8877
954 363 8878
957 365 8879
960 366 8880
964 367 8881
967 369 8882
971 370 8883
975 371 8884
978 373 8885
981 374 8886
985 375 8887
989 376 8888
992 378 8889
995 379 8890
999 380 8891
1002 381 8892
1005 382 8893
1008 383 8894
1011 385 8895
1014 386 8896
1017 387 8897
1020 388 8898
1022 389 8899
1025 390 8900
1028 392 8901
1031 393 8902
1034 394 8903
1038 395 8904
1039 396 8905
1042 397 8906
1045 398 8907
1048 399 8908
1050 400 8909
1053 401 8910
1056 402 8911
1059 403 8912
1061 404 8913
1064 405 8914
1066 406 8915
1068 407 8916
1071 408 8917
1073 409 8918
1075 410 8919
1078 411 8920
1080 412 8921
1082 412 8922
1085 413 8923
1088 414 8924
1089 415 8925
1092 416 8926
1094 416 8927
1096 417 8928
1099 418 8929
1100 419 8930
1103 419 8931
1105 420 8932
1107 421 8933
1109 422 8934
1110 423 8935
1113 423 8936
1115 424 8937
1117 425 8938
1119 425 8939
1121 426 8940
1123 427 8941
1124 427 8942
1126 428 8943
1129 429 8944
1130 429 8945
1132 430 8946
1135 431 8947
1136 431 8948
1138 432 8949
1140 432 8950
1143 433 8951
1145 433 8952
1148 434 8953
1149 435 8954
1151 435 8955
1154 435 8956
1156 435 8957
1159 436 8958
1161 436 8959
1164 436 8960
1166 436 8961
1169 437 8962
1171 437 8963
1174 438 8964
1176 438 8965
1179 438 8966
1182 438 8967
1185 439 8968
1187 439 8969
1190 439 8970
1193 439 8971
1195 440 8972
1198 440 8973
1201 440 8974
1204 440 8975
1207 440 8976
1210 440 8977
1213 440 8978
1217 440 8979
1220 440 8980
1222 440 8981
1226 440 8982
1229 440 8983
1231 440 8984
1235 440 8985
1237 440 8986
1240 440 8987
1243 440 8988
1247 440 8989
1251 440 8990
1253 440 8991
1257 439 8992
1260 439 8993
1262 439 8994
1266 439 8995
1269 438 8996
1272 438 8997
1276 438 8998
1279 438 8999
1282 437 9000
1285 437 9001
1288 437 9002
1291 437 9003
1294 436 9004
1296 436 9005
1299 435 9006
1303 435 9007
1305 434 9008
1309 434 9009
1312 434 9010
1314 433 9011
1318 433 9012
1320 432 9013
1324 432 9014
1325 431 9015
1328 431 9016
1331 431 9017
1334 430 9018
1336 429 9019
1339 429 9020
1342 428 9021
1344 428 9022
1347 427 9023
1349 427 9024
1351 426 9025
1354 426 9026
1357 425 9027
1358 424 9028
1361 423 9029
1364 423 9030
1365 422 9031
1367 421 9032
1370 421 9033
1372 420 9034
1375 419 9035
1376 418 9036
1378 418 9037
1380 417 9038
1382 416 9039
1384 415 9040
1385 414 9041
1388 414 9042
1390 413 9043
1392 412 9044
1393 411 9045
1395 410 9046
1396 409 9047
1399 408 9048
1400 407 9049
1402 407 9050
1404 406 9051
1406 405 9052
1407 404 9053
1409 403 9054
1411 402 9055
1412 401 9056
1415 400 9057
1416 399 9058
1417 397 9059
1420 397 9060
1421 395 9061
1423 394 9062
1425 393 9063
1427 392 9064
1429 390 9065
1431 390 9066
1433 388 9067
1435 387 9068
1436 386 9069
1439 385 9070
1440 383 9071
1442 382 9072
1444 381 9073
1446 379 9074
1447 378 9075
1449 377 9076
1451 376 9077
1453 374 9078
1454 373 9079
1456 372 9080
1457 370 9081
1459 369 9082
1460 368 9083
1461 366 9084
1462 365 9085
1464 363 9086
1465 362 9087
1465 361 9088
1466 359 9089
1467 358 9090
1468 356 9091
1469 354 9092
1469 353 9093
1469 351 9094
1469 350 9095
1469 348 9096
1469 347 9097
1468 346 9098
1469 344 9099
1469 343 9100
1469 341 9101
1468 340 9102
1468 339 9103
1467 337 9104
1467 335 9105
1467 334 9106
1466 332 9107
1465 330 9108
1464 329 9109
1464 327 9110
1464 326 9111
1463 324 9112
1462 322 9113
1462 320 9114
1461 319 9115
1460 317 9116
1458 315 9117
1458 314 9118
1457 312 9119
1457 310 9120
1456 308 9121
1455 306 9122
1454 305 9123
1453 303 9124
1453 301 9125
1452 299 9126
1451 297 9127
1450 295 9128
1450 293 9129
1449 291 9130
1448 289 9131
1448 286 9132
1447 284 9133
1447 282 9134
1447 280 9135
1446 278 9136
1445 276 9137
1444 274 9138
1444 271 9139
1443 269 9140
1443 267 9141
1442 265 9142
1442 264 9143
1442 261 9144
1442 258 9145
1442 256 9146
1441 254 9147
1441 252 9148
1441 250 9149
1440 247 9150
1440 245 9151
1439 242 9152
1439 240 9153
1440 237 9154
1440 235 9155
1440 232 9156
1440 230 9157
1440 228 9158
1440 225 9159
1440 223 9160
1440 220 9161
1440 218 9162
1440 215 9163
1440 212 9164
1441 210 9165
1441 207 9166
1441 205 9167
1440 202 9168
1440 199 9169
1441 196 9170
1441 193 9171
1440 191 9172
1440 188 9173
1440 185 9174
1440 183 9175
1439 180 9176
1438 177 9177
1438 174 9178
1437 171 9179
1435 169 9180
1434 166 9181
1433 163 9182
1432 160 9183
1431 157 9184
1430 153 9185
1429 150 9186
1427 147 9187
1426 144 9188
1425 141 9189
1423 138 9190
1422 135 9191
1420 131 9192
1418 128 9193
1416 124 9194
1414 121 9195
1412 117 9196
1409 114 9197
1408 110 9198
1405 106 9199
1403 103 9200
1401 99 9201
1399 95 9202
1397 91 9203
1394 87 9204
1391 84 9205
1389 79 9206
1386 75 9207
1384 71 9208
1381 67 9209
1378 64 9210
1376 60 9211
1373 56 9212
1369 50 9213
1362 42 9215
1360 38 9216
1356 33 9217
1353 29 9218
1350 24 9219
1347 19 9220
1343 16 9221
1339 16 9222
1334 16 9223
1331 16 9224
1733 436 9225
1729 437 9869
1725 438 9870
1721 439 9871
1717 439 9872
1713 440 9873
1709 441 9874
1706 442 9875
1702 442 9876
1698 443 9877
1694 444 9878
1691 445 9879
1688 445 9880
1684 446 9881
1681 447 9882
1677 448 9883
1673 448 9884
1670 449 9885
1667 450 9886
1663 450 9887
1660 451 9888
1657 451 9889
1653 452 9890
1651 453 9891
1647 453 9892
1645 454 9893
1643 455 9894
1640 455 9895
1638 456 9896
1635 456 9897
1633 457 9898
1631 457 9899
1629 457 9900
1627 458 9901
1626 459 9902
1624 459 9903
1623 460 9904
1621 461 9905
1620 461 9906
1619 462 9907
1618 462 9908
1617 463 9909
1616 463 9910
1616 464 9911
1615 465 9912
1615 465 9913
1615 466 9914
1615 466 9915
1615 467 9916
1615 467 9917
1614 468 9918
1614 468 9919
1615 469 9920
1615 469 9921
1615 470 9922
1615 470 9923
1616 471 9924
1616 471 9925
1617 472 9926
1618 472 9927
1619 472 9928
1619 473 9929
1620 474 9930
1620 474 9931
1621 475 9932
1621 475 9933
1622 476 9934
1622 477 9935
1622 477 9936
1623 478 9937
1623 478 9938
1624 479 9939
1623 480 9940
1623 480 9941
1623 481 9942
1623 482 9943
1622 483 9944
1621 483 9945
1621 484 9946
1621 485 9947
1620 485 9948
1620 486 9949
1619 487 9950
1618 488 9951
1618 489 9952
1617 489 9953
1615 490 9954
1614 490 9955
1613 491 9956
1612 492 9957
1612 492 9958
1611 493 9959
1610 493 9960
1610 494 9961
1609 495 9962
1607 495 9963
1606 496 9964
1606 496 9965
1605 497 9966
1604 497 9967
1603 498 9968
1602 498 9969
1601 499 9970
1600 500 9971
1599 500 9972
1598 501 9973
1597 501 9974
1596 502 9975
1595 502 9976
1594 503 9977
1592 503 9978
1591 503 9979
1590 504 9980
1589 505 9981
1588 505 9982
1586 506 9983
1584 506 9984
1583 506 9985
1581 507 9986
1579 508 9987
1577 508 9988
1575 509 9989
1574 509 9990
1572 509 9991
1570 510 9992
1567 510 9993
1565 511 9994
1564 511 9995
1562 512 9996
1559 513 9997
1557 513 9998
1556 514 9999
1554 514 10000
1552 514 10001
1550 515 10002
1548 515 10003
1546 516 10004
1544 516 10005
1542 516 10006
1540 517 10007
1538 518 10008
1536 518 10009
1534 518 10010
1532 519 10011
1530 519 10012
1528 520 10013
1526 520 10014
1524 520 10015
1523 521 10016
1521 521 10017
1376 542 10018
1374 543 10105
1372 543 10106
1371 543 10107
1370 543 10108
1369 544 10109
1367 544 10110
1366 544 10111
1364 544 10112
1363 544 10113
1362 544 10114
1360 544 10115
1359 544 10116
1358 544 10117
1356 544 10118
1355 544 10119
1354 544 10120
1353 544 10121
1351 544 10122
1350 544 10123
1348 544 10124
1347 544 10125
1346 544 10126
1345 544 10127
1343 544 10128
1342 544 10129
1341 544 10130
1339 543 10131
1338 543 10132
1337 543 10133
1336 543 10134
1334 543 10135
1333 543 10136
1332 543 10137
1331 543 10138
1329 543 10139
1328 542 10140
1327 542 10141
1326 542 10142
1325 542 10143
1323 542 10144
1322 542 10145
1321 541 10146
1320 541 10147
1319 541 10148
1318 541 10149
1316 541 10150
1316 541 10151
1314 540 10152
1313 540 10153
1312 540 10154
1311 540 10155
1309 540 10156
1308 539 10157
1307 539 10158
1306 539 10159
1305 539 10160
1304 539 10161
1303 538 10162
1302 538 10163
1301 538 10164
1300 538 10165
1299 538 10166
1298 537 10167
1297 537 10168
1296 537 10169
1295 537 10170
1293 536 10171
1293 536 10172
1291 535 10173
1291 535 10174
1289 535 10175
1289 535 10176
1288 534 10177
1286 534 10178
1286 534 10179
1284 534 10180
1284 533 10181
1283 533 10182
1281 532 10183
1280 532 10184
1280 532 10185
1279 532 10186
1277 531 10187
1276 531 10188
1275 530 10189
1275 530 10190
1274 530 10191
1273 530 10192
1271 530 10193
1271 529 10194
1269 528 10195
1268 528 10196
1267 527 10197
1266 527 10198
1266 527 10199
1264 526 10200
1264 526 10201
1263 525 10202
1261 525 10203
1260 524 10204
1259 524 10205
1259 524 10206
1257 523 10207
1257 522 10208
1255 522 10209
1255 522 10210
1253 521 10211
1253 520 10212
1251 520 10213
1251 519 10214
1249 519 10215
1249 518 10216
1248 517 10217
1247 517 10218
1246 517 10219
1246 516 10220
1245 515 10221
1244 515 10222
1243 514 10223
1242 513 10224
1241 513 10225
1240 512 10226
1240 512 10227
1238 511 10228
1237 511 10229
1237 510 10230
1236 509 10231
1235 509 10232
1235 508 10233
1233 508 10234
1233 507 10235
1232 507 10236
1231 506 10237
1231 505 10238
1230 505 10239
1230 504 10240
1230 504 10241
1230 502 10242
1229 502 10243
1229 502 10244
1229 501 10245
1228 500 10246
1228 499 10247
1228 499 10248
1228 498 10249
1228 497 10250
1229 497 10251
1229 496 10252
1229 495 10253
1230 495 10254
1230 494 10255
1231 494 10256
1232 493 10257
1233 492 10258
1234 492 10259
1235 492 10260
1236 491 10261
1236 491 10262
1238 490 10263
1239 489 10264
1240 489 10265
1242 488 10266
1244 488 10267
1245 487 10268
1246 487 10269
1248 487 10270
1250 487 10271
1252 486 10272
1254 486 10273
1256 485 10274
1259 485 10275
1261 484 10276
1263 484 10277
1265 483 10278
1268 483 10279
1272 483 10280
1273 482 10281
1276 482 10282
1279 482 10283
1282 481 10284
1285 481 10285
1287 480 10286
1291 480 10287
1294 479 10288
1297 479 10289
1300 479 10290
1303 478 10291
1306 478 10292
1310 478 10293
1313 478 10294
1317 477 10295
1319 476 10296
1323 476 10297
1326 476 10298
1330 476 10299
1333 475 10300
1337 474 10301
1339 474 10302
1343 474 10303
1346 473 10304
1350 472 10305
1353 472 10306
1356 471 10307
1360 470 10308
1363 470 10309
1367 470 10310
1370 468 10311
1373 468 10312
1376 467 10313
1380 467 10314
1383 467 10315
1386 465 10316
1390 465 10317
1393 465 10318
1397 464 10319
1399 463 10320
1403 462 10321
1407 462 10322
1410 462 10323
1414 461 10324
1417 461 10325
1420 461 10326
1423 460 10327
1427 460 10328
1430 459 10329
1434 459 10330
1437 459 10331
1441 459 10332
1444 458 10333
1447 457 10334
1451 457 10335
1453 457 10336
1457 457 10337
1460 457 10338
1464 456 10339
1467 456 10340
1471 455 10341
1474 455 10342
1477 455 10343
1480 455 10344
1484 454 10345
1487 454 10346
1490 454 10347
1494 453 10348
1497 453 10349
1501 453 10350
1504 453 10351
1507 453 10352
1510 453 10353
1514 452 10354
1517 452 10355
1520 452 10356
1523 452 10357
1527 452 10358
1530 451 10359
1533 451 10360
1536 451 10361
1539 450 10362
1543 450 10363
1546 450 10364
1549 450 10365
1552 450 10366
1555 449 10367
1559 449 10368
1562 449 10369
1565 449 10370
1568 448 10371
1572 448 10372
1575 448 10373
1578 448 10374
1581 448 10375
1584 449 10376
1587 449 10377
1591 448 10378
1594 448 10379
1597 449 10380
1600 449 10381
1604 449 10382
1601 451 10383
1609 450 10384
1613 450 10385
1616 450 10386
1621 450 10387
1622 450 10388
1626 451 10389
1629 451 10390
1632 451 10391
1636 451 10392
1639 451 10393
1641 452 10394
1645 452 10395
1648 452 10396
1651 453 10397
1654 453 10398
1658 453 10399
1660 453 10400
1663 454 10401
1667 454 10402
1670 454 10403
1672 455 10404
1675 455 10405
1678 456 10406
1682 457 10407
1684 457 10408
1687 458 10409
1691 459 10410
1693 459 10411
1696 460 10412
1700 460 10413
1702 461 10414
1706 462 10415
1709 462 10416
1712 463 10417
1714 464 10418
1717 464 10419
1720 465 10420
1722 466 10421
1726 467 10422
1729 467 10423
1732 468 10424
1735 469 10425
1738 470 10426
1740 470 10427
1743 471 10428
1746 472 10429
1749 473 10430
1751 474 10431
1755 475 10432
1757 475 10433
1760 476 10434
1763 477 10435
1766 478 10436
1767 479 10437
1771 480 10438
1774 480 10439
1776 481 10440
1779 482 10441
1781 483 10442
1784 484 10443
1786 485 10444
1789 486 10445
1792 487 10446
1794 488 10447
1797 489 10448
1800 490 10449
1802 491 10450
1804 492 10451
1808 493 10452
1810 494 10453
1812 495 10454
1815 496 10455
1817 497 10456
1820 498 10457
1822 499 10458
1825 500 10459
1827 501 10460
1830 503 10461
1834 503 10462
1873 482 10463
1871 480 10522
1869 479 10523
1867 478 10524
1864 477 10525
1862 476 10526
1860 475 10527
1857 474 10528
1855 473 10529
1852 471 10530
1849 470 10531
1846 469 10532
1843 468 10533
1840 467 10534
1837 466 10535
1833 465 10536
1830 463 10537
1827 462 10538
1824 460 10539
1820 459 10540
1817 458 10541
1813 457 10542
1810 456 10543
1806 454 10544
1802 454 10545
1798 453 10546
1794 451 10547
1790 450 10548
1787 449 10549
1783 448 10550
1779 447 10551
1775 446 10552
1771 446 10553
1768 445 10554
1764 444 10555
1759 444 10556
1755 444 10557
1751 444 10558
1748 443 10559
1745 443 10560
1740 443 10561
1736 444 10562
1732 444 10563
1729 444 10564
1725 444 10565
1721 445 10566
1717 445 10567
1714 446 10568
1710 446 10569
1706 447 10570
1702 448 10571
1699 449 10572
1695 450 10573
1690 452 10574
1687 453 10575
1684 455 10576
1680 457 10577
1675 458 10578
1671 460 10579
1668 462 10580
1665 464 10581
1661 465 10582
1657 467 10583
1653 469 10584
1649 471 10585
1645 472 10586
1641 474 10587
1638 476 10588
1635 478 10589
1631 479 10590
1627 481 10591
1624 483 10592
1620 484 10593
1616 486 10594
1613 488 10595
1610 489 10596
1606 491 10597
1602 492 10598
1599 493 10599
1595 495 10600
1591 495 10601
1588 496 10602
1584 497 10603
1580 497 10604
1576 498 10605
1573 498 10606
1570 498 10607
1566 499 10608
1563 499 10609
1559 499 10610
1556 499 10611
1552 499 10612
1549 499 10613
1545 499 10614
1541 499 10615
1538 498 10616
1534 498 10617
1531 498 10618
1526 497 10619
1522 496 10620
1519 495 10621
1515 495 10622
1512 494 10623
1507 492 10624
1503 491 10625
1500 490 10626
1496 488 10627
1493 487 10628
1489 485 10629
1485 483 10630
1481 481 10631
1478 479 10632
1475 476 10633
1471 474 10634
1467 471 10635
1464 468 10636
1460 466 10637
1456 463 10638
1453 460 10639
1450 457 10640
1446 455 10641
1442 452 10642
1438 449 10643
1435 446 10644
1431 443 10645
1428 440 10646
1425 437 10647
1422 434 10648
1418 432 10649
1415 429 10650
1411 426 10651
1407 423 10652
1404 420 10653
1400 417 10654
1397 414 10655
1394 412 10656
1390 409 10657
1387 407 10658
1383 404 10659
1380 402 10660
1376 400 10661
1372 398 10662
1369 396 10663
1366 394 10664
1362 392 10665
1358 390 10666
1356 389 10667
1353 387 10668
1350 386 10669
1346 385 10670
1343 384 10671
1341 383 10672
1337 383 10673
1334 382 10674
1331 381 10675
1327 381 10676
1324 380 10677
1322 380 10678
1319 380 10679
1315 380 10680
1312 380 10681
1309 380 10682
1307 381 10683
1304 381 10684
1301 381 10685
1297 382 10686
1294 383 10687
1292 383 10688
1289 384 10689
1286 385 10690
1282 386 10691
1279 387 10692
1276 388 10693
1273 389 10694
1269 391 10695
1266 392 10696
1263 393 10697
1260 394 10698
1257 396 10699
1254 396 10700
1251 398 10701
1248 399 10702
1245 400 10703
1241 401 10704
1238 403 10705
1235 404 10706
1232 406 10707
1229 406 10708
1226 408 10709
1226 408 10710
1219 410 10711
1216 411 10712
1213 413 10713
1210 414 10714
1207 415 10715
1204 417 10716
1201 418 10717
1198 419 10718
1194 420 10719
1191 421 10720
1188 422 10721
1185 424 10722
1181 425 10723
1178 426 10724
1175 427 10725
1171 429 10726
1168 430 10727
1165 431 10728
1161 433 10729
1158 434 10730
1154 435 10731
1151 437 10732
1147 438 10733
1144 439 10734
1140 441 10735
1136 442 10736
1132 443 10737
1129 445 10738
1125 446 10739
1121 448 10740
1118 449 10741
1114 450 10742
1110 452 10743
1106 453 10744
1103 454 10745
1099 456 10746
1095 457 10747
1091 458 10748
1087 460 10749
1083 461 10750
1079 463 10751
1075 464 10752
1071 466 10753
1067 467 10754
1063 469 10755
1060 470 10756
1056 471 10757
1052 473 10758
1048 475 10759
1043 476 10760
1039 478 10761
1035 479 10762
1031 481 10763
1027 482 10764
1023 483 10765
1018 484 10766
1015 485 10767
1011 487 10768
1006 488 10769
1002 488 10770
998 489 10771
994 489 10772
990 490 10773
986 490 10774
982 490 10775
978 490 10776
974 490 10777
969 490 10778
965 489 10779
961 489 10780
957 489 10781
953 488 10782
950 488 10783
945 488 10784
941 487 10785
937 487 10786
933 486 10787
929 486 10788
924 486 10789
920 485 10790
916 485 10791
912 485 10792
907 484 10793
903 484 10794
898 483 10795
894 483 10796
890 483 10797
886 482 10798
881 482 10799
877 481 10800
873 480 10801
869 480 10802
864 480 10803
860 480 10804
856 480 10805
851 479 10806
848 479 10807
844 479 10808
840 478 10809
835 478 10810
832 477 10811
828 477 10812
823 477 10813
819 476 10814
815 476 10815
811 476 10816
807 475 10817
802 475 10818
798 475 10819
794 475 10820
790 474 10821
785 474 10822
781 474 10823
777 474 10824
773 473 10825
768 473 10826
764 473 10827
759 472 10828
755 472 10829
751 472 10830
746 472 10831
742 472 10832
737 472 10833
732 472 10834
728 471 10835
723 471 10836
719 472 10837
715 472 10838
710 472 10839
706 473 10840
701 474 10841
697 474 10842
692 475 10843
688 476 10844
683 477 10845
678 479 10846
673 480 10847
668 482 10848
664 483 10849
659 485 10850
655 487 10851
649 489 10852
645 491 10853
640 493 10854
635 495 10855
630 497 10856
625 499 10857
620 501 10858
615 503 10859
609 505 10860
604 507 10861
600 509 10862
595 511 10863
590 512 10864
586 515 10865
580 516 10866
575 518 10867
570 520 10868
565 522 10869
563 523 10870
563 523 10871
550 528 10872
238 633 10873
234 634 10928
230 634 10929
222 637 10930
216 638 10931
210 638 10932
206 638 10933
201 637 10934
196 637 10935
191 637 10936
186 637 10937
181 637 10938
177 637 10939
172 637 10940
166 637 10941
161 637 10942
156 636 10943
151 636 10944
146 636 10945
141 636 10946
136 636 10947
131 636 10948
126 636 10949
122 636 10950
116 636 10951
112 635 10952
107 635 10953
103 636 10954
98 636 10955
93 636 10956
89 636 10957
84 636 10958
80 636 10959
76 636 10960
71 636 10961
67 636 10962
63 636 10963
59 636 10964
54 636 10965
50 636 10966
47 636 10967
42 636 10968
39 636 10969
35 636 10970
31 636 10971
27 636 10972
23 636 10973
21 636 10974
20 637 10975
20 637 10976
20 637 10977
20 637 10978
20 638 10979
20 638 10980
20 639 10981
20 639 10982
20 639 10983
143 673 10984
148 673 11079
152 673 11080
156 674 11081
161 674 11082
166 674 11083
170 674 11084
175 675 11085
180 675 11086
184 675 11087
189 675 11088
194 676 11089
199 676 11090
204 676 11091
209 676 11092
213 677 11093
219 677 11094
224 677 11095
229 677 11096
235 678 11097
240 678 11098
246 678 11099
252 679 11100
257 679 11101
263 679 11102
269 679 11103
276 680 11104
282 680 11105
288 680 11106
295 681 11107
301 681 11108
307 680 11109
1395 514 11110
1395 512 11308
1395 509 11309
1396 507 11310
1396 505 11311
1396 502 11312
1396 500 11313
1396 498 11314
1396 496 11315
1396 494 11316
1395 492 11317
1395 489 11318
1395 487 11319
1394 485 11320
1393 482 11321
1392 480 11322
1392 478 11323
1391 476 11324
1390 473 11325
1388 471 11326
1388 469 11327
1387 467 11328
1385 465 11329
1384 462 11330
1383 460 11331
1381 458 11332
1380 455 11333
1378 453 11334
1377 451 11335
1375 449 11336
1373 446 11337
1371 444 11338
1369 442 11339
1367 439 11340
1365 437 11341
1363 435 11342
1360 432 11343
1358 430 11344
1356 427 11345
1353 425 11346
1350 423 11347
1347 421 11348
1345 419 11349
1342 416 11350
1339 414 11351
1336 411 11352
1333 409 11353
1330 407 11354
1327 404 11355
1323 402 11356
1320 400 11357
1317 398 11358
1313 395 11359
1309 393 11360
1309 393 11361
1302 388 11362
1298 386 11363
1293 384 11364
1289 381 11365
1285 379 11366
1282 377 11367
1278 374 11368
1274 372 11369
1270 370 11370
1265 367 11371
1261 365 11372
1257 363 11373
1252 361 11374
1249 359 11375
1245 357 11376
1241 354 11377
1236 353 11378
1232 351 11379
1228 349 11380
1224 347 11381
1220 346 11382
1216 345 11383
1212 343 11384
1207 342 11385
1203 341 11386
1199 340 11387
1195 339 11388
1191 338 11389
1187 338 11390
1183 337 11391
1179 337 11392
1175 336 11393
1171 336 11394
1167 336 11395
1163 336 11396
1158 336 11397
1154 336 11398
1150 336 11399
1146 336 11400
1142 337 11401
1138 337 11402
1133 337 11403
1128 338 11404
1124 338 11405
1120 339 11406
1115 339 11407
1111 340 11408
1107 341 11409
1103 341 11410
1099 342 11411
1094 343 11412
1090 344 11413
1085 345 11414
1081 346 11415
1076 347 11416
1072 348 11417
1068 349 11418
1064 350 11419
1059 351 11420
1055 352 11421
1051 353 11422
1046 354 11423
1042 355 11424
1037 356 11425
1033 357 11426
1029 358 11427
1024 360 11428
1020 361 11429
1015 361 11430
1010 363 11431
1006 364 11432
1002 365 11433
997 366 11434
993 366 11435
989 367 11436
984 369 11437
981 370 11438
976 371 11439
972 372 11440
967 373 11441
962 374 11442
957 375 11443
953 376 11444
949 377 11445
945 378 11446
940 379 11447
935 380 11448
932 381 11449
927 382 11450
922 383 11451
918 384 11452
914 385 11453
910 386 11454
906 387 11455
901 388 11456
896 389 11457
893 390 11458
888 391 11459
884 392 11460
880 393 11461
875 394 11462
871 394 11463
867 395 11464
862 396 11465
858 397 11466
854 398 11467
850 399 11468
845 400 11469
841 401 11470
836 402 11471
832 403 11472
827 404 11473
823 405 11474
819 406 11475
815 407 11476
810 408 11477
806 408 11478
802 409 11479
797 410 11480
793 411 11481
789 411 11482
784 412 11483
779 413 11484
774 414 11485
770 414 11486
765 415 11487
761 416 11488
757 417 11489
752 417 11490
748 418 11491
743 419 11492
738 419 11493
734 420 11494
729 421 11495
725 421 11496
720 422 11497
715 422 11498
711 423 11499
706 424 11500
701 424 11501
697 425 11502
692 426 11503
687 426 11504
683 427 11505
678 427 11506
673 428 11507
669 428 11508
664 429 11509
658 430 11510
654 431 11511
648 432 11512
644 432 11513
638 433 11514
634 434 11515
630 434 11516
623 435 11517
618 435 11518
613 436 11519
607 437 11520
601 437 11521
596 438 11522
591 439 11523
585 439 11524
579 440 11525
574 440 11526
568 441 11527
562 441 11528
556 442 11529
551 443 11530
545 443 11531
539 443 11532
533 444 11533
527 445 11534
521 445 11535
515 446 11536
510 447 11537
503 447 11538
497 448 11539
491 449 11540
484 450 11541
477 450 11542
471 451 11543
465 451 11544
458 452 11545
452 453 11546
445 453 11547
439 454 11548
432 455 11549
425 455 11550
419 456 11551
413 457 11552
405 457 11553
399 458 11554
393 459 11555
385 459 11556
378 460 11557
370 461 11558
364 462 11559
358 463 11560
349 463 11561
342 464 11562
336 465 11563
327 466 11564
320 466 11565
312 467 11566
305 468 11567
298 468 11568
290 469 11569
283 470 11570
275 471 11571
267 472 11572
260 473 11573
253 474 11574
245 475 11575
238 476 11576
230 477 11577
222 478 11578
215 479 11579
207 480 11580
199 481 11581
192 481 11582
183 482 11583
176 483 11584
168 484 11585
160 485 11586
152 487 11587
145 488 11588
137 489 11589
129 490 11590
121 491 11591
113 492 11592
106 493 11593
97 494 11594
89 495 11595
81 497 11596
73 498 11597
65 499 11598
57 500 11599
49 502 11600
42 503 11601
34 504 11602
26 505 11603
19 506 11604
12 507 11605
12 509 11606
12 510 11607
324 485 11608
335 480 11711
345 476 11712
358 470 11713
368 465 11714
379 460 11715
390 454 11716
400 449 11717
412 444 11718
422 438 11719
433 433 11720
444 427 11721
455 421 11722
465 416 11723
476 411 11724
487 405 11725
497 400 11726
508 394 11727
519 389 11728
530 383 11729
541 377 11730
552 372 11731
563 367 11732
574 361 11733
584 355 11734
596 350 11735
606 344 11736
618 339 11737
629 333 11738
640 327 11739
651 321 11740
661 316 11741
673 310 11742
684 304 11743
695 298 11744
705 292 11745
716 286 11746
727 280 11747
737 274 11748
747 267 11749
757 261 11750
767 255 11751
778 248 11752
788 242 11753
797 236 11754
807 229 11755
817 223 11756
826 216 11757
834 211 11758
844 204 11759
853 197 11760
862 190 11761
870 183 11762
878 177 11763
885 170 11764
893 164 11765
900 157 11766
907 151 11767
914 144 11768
920 137 11769
926 130 11770
931 124 11771
936 118 11772
941 112 11773
945 105 11774
949 100 11775
953 94 11776
955 88 11777
959 82 11778
961 77 11779
963 71 11780
964 65 11781
966 60 11782
967 54 11783
969 49 11784
969 45 11785
969 39 11786
968 34 11787
967 30 11788
967 28 11789
966 28 11790
965 28 11791
964 28 11792
961 28 11793
959 28 11794
957 28 11795
954 28 11796
826 36 11797
821 41 11832
816 46 11833
811 51 11834
806 56 11835
799 62 11836
792 67 11837
786 72 11838
779 76 11839
774 81 11840
766 86 11841
759 91 11842
752 95 11843
745 100 11844
738 105 11845
730 110 11846
722 115 11847
714 119 11848
706 123 11849
698 128 11850
690 133 11851
682 137 11852
674 142 11853
666 147 11854
657 151 11855
646 156 11856
638 160 11857
629 164 11858
620 168 11859
610 172 11860
601 176 11861
591 181 11862
581 185 11863
571 189 11864
561 193 11865
551 197 11866
541 201 11867
530 206 11868
520 210 11869
510 214 11870
499 218 11871
488 221 11872
478 225 11873
469 228 11874
458 233 11875
448 236 11876
437 240 11877
427 243 11878
418 247 11879
407 251 11880
397 254 11881
387 257 11882
377 261 11883
368 265 11884
358 268 11885
346 271 11886
337 274 11887
328 278 11888
319 281 11889
310 284 11890
301 288 11891
291 291 11892
282 294 11893
274 297 11894
265 300 11895
256 304 11896
248 307 11897
240 310 11898
232 313 11899
223 316 11900
215 319 11901
207 323 11902
200 326 11903
192 329 11904
185 333 11905
178 336 11906
171 339 11907
165 342 11908
158 345 11909
152 348 11910
146 351 11911
140 354 11912
134 357 11913
129 360 11914
124 363 11915
118 366 11916
114 369 11917
109 372 11918
105 375 11919
101 378 11920
97 382 11921
94 385 11922
90 388 11923
88 392 11924
85 395 11925
83 398 11926
81 402 11927
79 405 11928
77 409 11929
75 413 11930
74 416 11931
73 420 11932
71 424 11933
71 427 11934
71 431 11935
70 435 11936
70 438 11937
70 442 11938
69 445 11939
69 449 11940
70 452 11941
70 455 11942
70 458 11943
70 461 11944
71 465 11945
72 468 11946
72 471 11947
73 474 11948
75 478 11949
76 481 11950
77 484 11951
79 487 11952
81 489 11953
83 492 11954
85 496 11955
87 499 11956
90 502 11957
94 506 11958
97 509 11959
100 512 11960
103 515 11961
107 518 11962
110 521 11963
114 524 11964
118 526 11965
122 529 11966
126 532 11967
131 535 11968
135 538 11969
140 541 11970
146 544 11971
151 547 11972
156 549 11973
161 552 11974
166 555 11975
172 558 11976
178 561 11977
184 564 11978
190 567 11979
197 569 11980
203 572 11981
209 575 11982
216 578 11983
223 581 11984
230 584 11985
237 586 11986
244 589 11987
251 592 11988
259 595 11989
267 598 11990
275 601 11991
283 605 11992
291 608 11993
298 610 11994
305 613 11995
312 615 11996
322 619 11997
332 622 11998
340 623 11999
348 624 12000
359 630 12001
369 634 12002
378 635 12003
387 638 12004
397 641 12005
407 642 12006
1732 431 12007
1737 428 12160
1740 424 12161
1743 421 12162
1746 417 12163
1749 413 12164
1751 409 12165
1753 406 12166
1756 402 12167
1758 398 12168
1760 395 12169
1762 391 12170
1763 388 12171
1765 384 12172
1767 379 12173
1768 376 12174
1768 372 12175
1770 368 12176
1771 365 12177
1771 361 12178
1772 357 12179
1772 354 12180
1772 350 12181
1772 347 12182
1772 343 12183
1773 339 12184
1772 336 12185
1772 332 12186
1771 329 12187
1770 325 12188
1769 322 12189
1769 318 12190
1767 314 12191
1765 311 12192
1764 307 12193
1763 303 12194
1761 300 12195
1760 296 12196
1757 293 12197
1756 289 12198
1753 285 12199
1751 282 12200
1748 278 12201
1746 275 12202
1743 272 12203
1740 268 12204
1737 264 12205
1735 261 12206
1731 257 12207
1727 254 12208
1724 250 12209
1720 246 12210
1717 243 12211
1713 239 12212
1710 236 12213
1705 233 12214
1701 229 12215
1696 225 12216
1691 222 12217
1686 218 12218
1682 215 12219
1677 211 12220
1672 207 12221
1667 204 12222
1662 200 12223
1657 197 12224
1652 193 12225
1646 190 12226
1641 186 12227
1634 182 12228
1628 179 12229
1623 175 12230
1617 172 12231
1611 168 12232
1605 164 12233
1599 161 12234
1592 158 12235
1586 155 12236
1580 152 12237
1574 149 12238
1568 147 12239
1561 144 12240
1555 142 12241
1548 140 12242
1542 138 12243
1535 136 12244
1529 134 12245
1523 133 12246
1516 132 12247
1510 131 12248
1504 130 12249
1498 129 12250
1492 128 12251
1486 128 12252
1479 128 12253
1473 128 12254
1467 128 12255
1462 128 12256
1455 128 12257
1450 128 12258
1444 129 12259
1438 129 12260
1433 131 12261
1428 132 12262
1420 133 12263
1415 134 12264
1411 136 12265
1404 138 12266
1398 139 12267
1394 141 12268
1390 143 12269
1383 145 12270
1378 147 12271
1373 150 12272
1368 152 12273
1364 155 12274
1358 157 12275
1353 159 12276
1348 163 12277
1344 166 12278
1340 169 12279
1335 172 12280
1331 175 12281
1327 178 12282
1322 181 12283
1318 184 12284
1314 187 12285
1309 190 12286
1306 193 12287
1302 197 12288
1298 199 12289
1294 203 12290
1290 205 12291
1287 209 12292
1283 212 12293
1280 215 12294
1276 218 12295
1273 222 12296
1270 224 12297
1266 228 12298
1263 231 12299
1260 234 12300
1257 236 12301
1254 240 12302
1252 243 12303
1249 245 12304
1245 248 12305
1243 251 12306
1240 254 12307
1238 255 12308
1234 258 12309
1231 259 12310
1230 262 12311
1228 265 12312
1224 267 12313
1222 268 12314
1220 271 12315
1217 272 12316
1214 275 12317
1212 277 12318
1210 280 12319
1209 282 12320
1206 285 12321
1204 287 12322
1202 288 12323
1200 290 12324
1197 293 12325
1196 296 12326
1194 298 12327
1193 300 12328
1191 304 12329
1188 305 12330
1188 307 12331
1186 310 12332
1185 312 12333
1183 314 12334
1182 316 12335
1180 319 12336
1178 321 12337
1176 323 12338
1175 325 12339
1173 327 12340
1172 329 12341
1171 331 12342
1169 333 12343
1168 335 12344
1167 337 12345
1166 339 12346
1165 341 12347
1163 343 12348
1162 344 12349
1161 346 12350
1160 348 12351
1158 350 12352
1157 352 12353
1156 353 12354
1155 355 12355
1153 356 12356
1152 358 12357
1151 360 12358
1149 361 12359
1148 363 12360
1147 365 12361
1145 366 12362
1144 368 12363
1143 370 12364
1142 371 12365
1140 373 12366
1139 374 12367
1138 376 12368
1136 377 12369
1135 379 12370
1134 380 12371
1133 382 12372
1132 383 12373
1130 385 12374
1129 386 12375
1128 387 12376
1127 389 12377
1125 390 12378
1123 392 12379
1122 393 12380
1120 395 12381
1119 396 12382
1118 397 12383
1117 398 12384
1116 400 12385
1114 401 12386
1113 402 12387
1111 403 12388
1110 404 12389
1109 405 12390
1108 407 12391
1107 408 12392
1105 408 12393
1103 409 12394
1102 410 12395
1101 411 12396
1100 412 12397
1099 413 12398
1097 414 12399
1096 414 12400
1094 415 12401
1093 416 12402
1092 417 12403
1090 418 12404
1089 418 12405
1088 419 12406
1086 420 12407
1085 420 12408
1084 420 12409
1082 421 12410
1081 422 12411
1080 422 12412
1079 423 12413
1077 423 12414
1076 424 12415
1074 424 12416
1073 425 12417
1070 425 12418
1069 426 12419
1068 426 12420
1067 426 12421
1066 427 12422
1064 427 12423
1061 427 12424
1060 427 12425
1059 427 12426
1057 427 12427
1056 428 12428
1053 428 12429
1052 428 12430
1052 428 12431
1049 429 12432
1047 429 12433
1045 429 12434
1044 429 12435
1042 429 12436
1039 429 12437
1037 429 12438
1035 429 12439
1033 429 12440
1031 429 12441
1029 429 12442
1027 429 12443
1026 429 12444
1023 429 12445
1021 429 12446
1020 428 12447
1017 428 12448
1015 428 12449
1012 428 12450
1010 428 12451
1008 428 12452
1006 427 12453
1003 427 12454
1001 427 12455
997 427 12456
995 427 12457
993 427 12458
991 427 12459
987 426 12460
984 426 12461
983 426 12462
979 425 12463
977 425 12464
974 424 12465
971 424 12466
967 423 12467
965 423 12468
961 422 12469
959 422 12470
955 422 12471
952 421 12472
949 420 12473
945 420 12474
942 420 12475
939 419 12476
935 419 12477
931 418 12478
928 418 12479
925 417 12480
921 416 12481
917 416 12482
913 416 12483
910 416 12484
906 415 12485
902 414 12486
898 414 12487
894 413 12488
890 413 12489
886 412 12490
883 410 12491
878 410 12492
874 409 12493
870 408 12494
866 408 12495
863 407 12496
859 406 12497
855 406 12498
850 405 12499
846 404 12500
842 404 12501
838 403 12502
834 402 12503
830 401 12504
827 400 12505
823 399 12506
818 399 12507
814 398 12508
810 397 12509
805 396 12510
802 395 12511
798 394 12512
794 393 12513
790 392 12514
786 392 12515
782 391 12516
778 389 12517
774 388 12518
769 388 12519
765 387 12520
761 385 12521
757 385 12522
753 384 12523
749 381 12524
745 380 12525
741 379 12526
738 378 12527
734 377 12528
730 375 12529
726 374 12530
722 373 12531
718 372 12532
713 370 12533
710 368 12534
706 367 12535
702 365 12536
698 364 12537
695 362 12538
691 360 12539
687 359 12540
684 357 12541
681 356 12542
677 354 12543
674 352 12544
672 350 12545
669 348 12546
666 347 12547
663 345 12548
660 343 12549
658 341 12550
655 339 12551
653 337 12552
651 335 12553
648 333 12554
646 331 12555
644 329 12556
642 327 12557
641 325 12558
639 323 12559
638 321 12560
636 319 12561
634 317 12562
633 315 12563
631 313 12564
630 310 12565
628 308 12566
627 306 12567
626 304 12568
624 302 12569
623 300 12570
622 298 12571
620 296 12572
619 293 12573
617 291 12574
616 288 12575
614 286 12576
613 284 12577
612 281 12578
609 279 12579
607 276 12580
606 274 12581
604 272 12582
603 269 12583
601 266 12584
600 264 12585
598 261 12586
596 258 12587
594 255 12588
593 253 12589
591 250 12590
591 247 12591
589 244 12592
588 241 12593
587 238 12594
585 235 12595
584 232 12596
583 230 12597
582 227 12598
581 223 12599
580 220 12600
579 218 12601
578 215 12602
577 211 12603
577 209 12604
578 206 12605
578 202 12606
577 199 12607
577 196 12608
578 192 12609
578 190 12610
580 188 12611
581 184 12612
582 181 12613
584 178 12614
586 175 12615
588 173 12616
590 170 12617
592 167 12618
594 164 12619
597 162 12620
600 159 12621
604 157 12622
608 154 12623
611 152 12624
615 150 12625
619 148 12626
622 145 12627
627 143 12628
632 141 12629
636 139 12630
641 137 12631
646 135 12632
651 133 12633
657 132 12634
663 130 12635
669 128 12636
675 126 12637
681 125 12638
688 123 12639
695 122 12640
702 120 12641
709 119 12642
715 117 12643
722 116 12644
729 114 12645
737 113 12646
744 112 12647
752 112 12648
760 111 12649
769 110 12650
777 109 12651
785 107 12652
794 106 12653
802 105 12654
810 103 12655
819 102 12656
827 101 12657
836 99 12658
845 98 12659
845 98 12660
863 93 12661
871 92 12662
880 90 12663
888 87 12664
897 85 12665
905 83 12666
913 80 12667
922 77 12668
930 75 12669
939 72 12670
947 69 12671
955 66 12672
963 63 12673
971 61 12674
980 58 12675
989 56 12676
997 53 12677
1006 50 12678
1015 47 12679
1023 43 12680
1033 40 12681
1042 37 12682
1051 34 12683
1060 31 12684
1070 27 12685
1080 24 12686
1089 21 12687
1099 20 12688
1109 20 12689
1119 20 12690
1130 20 12691
1140 20 12692
1815 175 12693
1808 176 12963
1801 176 12964
1795 176 12965
1787 176 12966
1780 175 12967
1773 175 12968
1767 175 12969
1762 175 12970
1756 175 12971
1750 174 12972
1745 174 12973
1740 174 12974
1734 174 12975
1729 175 12976
1725 174 12977
1721 174 12978
1716 175 12979
1712 175 12980
1708 176 12981
1704 176 12982
1700 176 12983
1696 177 12984
1691 178 12985
1688 177 12986
1683 177 12987
1678 177 12988
1676 177 12989
1673 176 12990
1668 176 12991
1665 177 12992
1661 176 12993
1658 176 12994
1655 176 12995
1651 176 12996
1649 176 12997
1645 175 12998
1641 175 12999
1639 175 13000
1635 175 13001
1632 175 13002
1628 175 13003
1625 175 13004
1621 175 13005
1618 174 13006
1617 174 13007
1614 174 13008
1610 174 13009
1608 174 13010
1604 173 13011
1602 173 13012
1599 173 13013
1597 172 13014
1594 171 13015
1591 171 13016
1589 171 13017
1586 171 13018
1584 171 13019
1582 170 13020
1579 169 13021
1576 169 13022
1573 169 13023
1570 169 13024
1569 169 13025
1567 168 13026
1564 167 13027
1562 167 13028
1560 167 13029
1557 167 13030
1556 166 13031
1553 165 13032
1551 164 13033
1549 164 13034
1547 164 13035
1545 163 13036
1542 163 13037
1540 162 13038
1538 162 13039
1537 161 13040
1534 161 13041
1533 160 13042
1531 159 13043
1529 159 13044
1527 158 13045
1525 157 13046
1524 157 13047
1522 156 13048
1520 155 13049
1519 154 13050
1517 153 13051
1516 152 13052
1514 151 13053
1513 150 13054
1511 149 13055
1510 148 13056
1509 147 13057
1508 146 13058
1507 144 13059
1505 143 13060
1504 142 13061
1503 141 13062
1502 139 13063
1501 137 13064
1500 136 13065
1499 135 13066
1498 134 13067
1497 132 13068
1496 131 13069
1495 129 13070
1494 128 13071
1492 125 13072
1492 124 13073
1491 121 13074
1491 119 13075
1490 118 13076
1488 117 13077
1487 115 13078
1487 112 13079
1486 110 13080
1485 108 13081
1484 107 13082
1483 105 13083
1483 102 13084
1482 100 13085
1481 98 13086
1480 96 13087
1479 94 13088
1478 92 13089
1478 90 13090
1477 88 13091
1476 86 13092
1475 84 13093
1474 83 13094
1474 80 13095
1473 79 13096
1472 77 13097
1470 75 13098
1468 73 13100
1468 71 13101
1467 70 13102
1466 69 13103
1465 67 13104
1464 66 13105
1463 65 13106
1462 64 13107
1461 64 13108
1460 63 13109
1459 62 13110
1458 62 13111
1457 62 13112
1457 61 13113
1456 60 13114
1455 60 13115
1454 59 13116
1453 59 13117
1451 59 13118
1450 58 13119
1449 58 13120
1448 57 13121
1447 56 13122
1446 55 13123
1444 55 13124
1443 54 13125
1442 54 13126
1441 53 13127
1439 52 13128
1437 51 13129
1436 50 13130
1435 49 13131
1434 49 13132
1432 48 13133
1431 46 13134
1429 46 13135
1427 45 13136
1425 44 13137
1424 43 13138
1422 42 13139
1421 41 13140
1420 39 13141
1417 38 13142
1415 37 13143
1414 36 13144
1412 35 13145
1410 33 13146
1408 32 13147
1405 31 13148
1404 29 13149
1402 28 13150
1399 27 13151
1398 25 13152
1396 24 13153
1394 23 13154
1391 21 13155
1389 20 13156
1387 20 13157
1384 20 13158
1382 20 13159
1379 20 13160
1377 20 13161
1374 20 13162
1373 20 13163
1370 20 13164
1367 20 13165
1364 20 13166
1361 20 13167
1360 20 13168
878 21 13169
876 24 13547
876 27 13548
875 32 13549
874 35 13550
874 40 13551
872 43 13552
872 47 13553
871 52 13554
870 55 13555
870 58 13556
869 62 13557
869 66 13558
869 70 13559
868 73 13560
867 77 13561
866 81 13562
866 85 13563
866 89 13564
865 93 13565
864 95 13566
864 99 13567
864 103 13568
863 106 13569
863 110 13570
863 114 13571
862 117 13572
861 121 13573
861 124 13574
861 128 13575
860 131 13576
859 135 13577
859 138 13578
858 141 13579
857 144 13580
856 148 13581
856 151 13582
855 154 13583
855 157 13584
853 160 13585
852 163 13586
852 166 13587
852 169 13588
851 172 13589
851 175 13590
851 178 13591
851 181 13592
851 184 13593
851 188 13594
851 190 13595
851 193 13596
851 196 13597
852 200 13598
852 203 13599
852 206 13600
853 209 13601
854 212 13602
855 215 13603
856 218 13604
856 222 13605
856 225 13606
857 228 13607
858 231 13608
859 234 13609
859 237 13610
859 240 13611
860 243 13612
861 247 13613
862 249 13614
863 252 13615
863 255 13616
864 259 13617
865 261 13618
865 265 13619
865 268 13620
865 271 13621
865 274 13622
866 277 13623
867 280 13624
867 283 13625
867 287 13626
867 290 13627
867 293 13628
867 296 13629
867 299 13630
868 303 13631
868 306 13632
868 310 13633
868 313 13634
868 315 13635
868 318 13636
869 322 13637
869 325 13638
869 328 13639
869 330 13640
869 333 13641
869 335 13642
869 337 13643
869 339 13644
868 340 13645
868 341 13646
868 342 13647
868 344 13648
867 344 13649
867 346 13650
866 346 13651
865 346 13652
865 347 13653
864 347 13654
864 347 13655
864 348 13656
864 348 13657
863 348 13658
862 349 13659
862 349 13660
863 350 13661
862 350 13662
862 351 13663
862 351 13664
862 351 13665
862 352 13666
863 352 13667
863 352 13668
863 353 13669
863 354 13670
863 355 13671
864 355 13672
864 355 13673
865 357 13674
865 357 13675
866 358 13676
867 359 13677
867 359 13678
867 361 13679
867 361 13680
869 362 13681
869 363 13682
870 364 13683
870 365 13684
871 366 13685
872 367 13686
873 368 13687
873 369 13688
874 370 13689
874 371 13690
876 372 13691
876 373 13692
877 374 13693
877 376 13694
878 376 13695
878 378 13696
878 379 13697
878 379 13698
878 380 13699
879 382 13700
879 382 13701
879 383 13702
879 384 13703
880 385 13704
880 386 13705
880 387 13706
880 388 13707
880 389 13708
880 390 13709
880 391 13710
879 392 13711
879 393 13712
878 394 13713
877 394 13714
878 395 13715
878 396 13716
877 398 13717
876 398 13718
875 399 13719
875 399 13720
874 401 13721
874 401 13722
873 402 13723
873 403 13724
873 404 13725
872 404 13726
871 406 13727
870 406 13728
869 407 13729
868 408 13730
867 409 13731
866 410 13732
865 410 13733
865 411 13734
864 412 13735
863 413 13736
862 414 13737
861 415 13738
860 416 13739
860 417 13740
859 418 13741
857 419 13742
856 420 13743
855 420 13744
854 421 13745
853 422 13746
852 423 13747
850 423 13748
849 424 13749
847 425 13750
845 426 13751
845 426 13752
844 426 13753
842 427 13754
840 428 13755
839 429 13756
837 429 13757
835 430 13758
834 430 13759
832 431 13760
830 432 13761
829 432 13762
827 433 13763
825 434 13764
823 434 13765
821 435 13766
820 436 13767
818 437 13768
816 437 13769
815 439 13770
814 439 13771
811 441 13772
810 442 13773
809 443 13774
807 444 13775
805 446 13776
802 447 13777
800 448 13778
797 449 13779
795 451 13780
793 452 13781
789 453 13782
786 455 13783
783 456 13784
780 456 13785
776 457 13786
773 458 13787
769 459 13788
764 461 13789
760 461 13790
756 462 13791
752 463 13792
748 463 13793
744 464 13794
739 465 13795
734 466 13796
730 467 13797
726 468 13798
722 468 13799
717 469 13800
712 470 13801
708 471 13802
704 472 13803
699 472 13804
695 473 13805
691 474 13806
687 474 13807
681 475 13808
676 476 13809
672 477 13810
667 477 13811
663 478 13812
657 478 13813
653 479 13814
647 479 13815
643 480 13816
638 481 13817
632 481 13818
627 482 13819
623 482 13820
617 482 13821
612 483 13822
608 483 13823
603 483 13824
598 483 13825
593 484 13826
588 484 13827
583 484 13828
578 485 13829
574 485 13830
569 486 13831
565 486 13832
560 487 13833
554 487 13834
550 487 13835
545 488 13836
540 488 13837
536 489 13838
531 489 13839
526 489 13840
522 490 13841
517 490 13842
512 490 13843
507 491 13844
503 491 13845
498 491 13846
493 491 13847
488 492 13848
484 492 13849
479 492 13850
474 492 13851
470 493 13852
465 493 13853
460 493 13854
455 493 13855
451 494 13856
446 494 13857
441 495 13858
437 495 13859
432 495 13860
427 495 13861
423 495 13862
419 496 13863
414 496 13864
409 496 13865
404 496 13866
400 497 13867
395 497 13868
390 497 13869
387 498 13870
382 498 13871
377 498 13872
372 498 13873
368 498 13874
364 499 13875
359 499 13876
354 499 13877
349 499 13878
345 499 13879
341 499 13880
336 500 13881
332 500 13882
327 500 13883
322 500 13884
318 500 13885
313 500 13886
308 500 13887
303 500 13888
298 500 13889
294 500 13890
290 500 13891
285 500 13892
280 500 13893
275 500 13894
271 500 13895
266 499 13896
262 499 13897
257 499 13898
252 499 13899
247 499 13900
242 499 13901
237 499 13902
232 498 13903
228 498 13904
223 498 13905
218 498 13906
213 497 13907
209 497 13908
204 497 13909
199 497 13910
195 496 13911
191 496 13912
186 495 13913
182 495 13914
177 495 13915
172 494 13916
168 493 13917
164 493 13918
159 492 13919
155 492 13920
151 491 13921
147 491 13922
142 490 13923
138 490 13924
134 489 13925
130 489 13926
125 488 13927
121 487 13928
117 487 13929
113 486 13930
109 485 13931
104 485 13932
100 484 13933
96 483 13934
91 482 13935
87 481 13936
83 481 13937
79 480 13938
74 480 13939
70 479 13940
67 478 13941
62 477 13942
58 476 13943
54 475 13944
50 474 13945
46 473 13946
42 472 13947
39 472 13948
34 471 13949
30 470 13950
27 469 13951
24 468 13952
24 467 13953
24 466 13954
24 465 13955
24 464 13956
24 463 13957
24 463 13958
74 296 13959
80 295 14065
90 293 14066
99 292 14067
107 291 14068
116 289 14069
126 288 14070
135 286 14071
144 285 14072
153 283 14073
161 281 14074
170 280 14075
179 278 14076
187 277 14077
196 275 14078
204 273 14079
213 271 14080
221 269 14081
230 267 14082
239 265 14083
247 263 14084
256 261 14085
266 259 14086
275 257 14087
285 255 14088
295 253 14089
304 250 14090
314 248 14091
324 245 14092
335 244 14093
346 242 14094
356 239 14095
369 238 14096
380 236 14097
392 234 14098
403 232 14099
416 231 14100
428 229 14101
442 228 14102
456 226 14103
469 225 14104
483 223 14105
497 221 14106
511 220 14107
525 219 14108
539 218 14109
554 216 14110
568 214 14111
583 214 14112
598 214 14113
614 213 14114
629 213 14115
644 213 14116
660 212 14117
675 212 14118
691 212 14119
707 213 14120
723 215 14121
739 216 14122
755 216 14123
771 216 14124
786 216 14125
802 216 14126
817 217 14127
833 218 14128
848 218 14129
864 219 14130
880 219 14131
895 219 14132
910 220 14133
925 221 14134
941 221 14135
956 222 14136
970 222 14137
986 222 14138
1001 222 14139
1015 223 14140
1030 223 14141
1045 223 14142
1059 223 14143
1073 223 14144
1089 223 14145
1103 224 14146
1117 224 14147
1131 225 14148
1144 225 14149
1158 225 14150
1170 225 14151
1184 225 14152
1196 226 14153
1209 227 14154
1221 228 14155
1233 229 14156
1244 229 14157
1255 230 14158
1266 232 14159
1277 233 14160
1287 235 14161
1297 236 14162
1308 237 14163
1316 239 14164
1325 241 14165
1334 243 14166
1342 244 14167
1350 245 14168
1358 248 14169
1364 250 14170
1372 251 14171
1378 253 14172
1385 255 14173
1392 257 14174
1397 259 14175
1403 261 14176
1410 262 14177
1413 266 14178
1419 268 14179
1423 271 14180
1427 272 14181
1432 274 14182
1435 277 14183
1438 280 14184
1442 282 14185
1444 285 14186
1447 287 14187
1450 289 14188
1452 292 14189
1454 295 14190
1456 297 14191
1457 300 14192
1458 303 14193
1460 306 14194
1461 308 14195
1462 310 14196
1462 313 14197
1463 316 14198
1463 319 14199
1463 321 14200
1463 324 14201
1462 327 14202
1462 329 14203
1462 333 14204
1460 335 14205
1458 338 14206
1458 340 14207
1457 343 14208
1455 346 14209
1454 349 14210
1452 351 14211
1451 354 14212
1448 356 14213
1447 358 14214
1444 361 14215
1442 364 14216
1439 367 14217
1436 369 14218
1433 373 14219
1431 375 14220
1429 378 14221
1426 381 14222
1423 384 14223
1421 387 14224
1419 389 14225
1416 392 14226
1414 395 14227
1411 397 14228
1409 401 14229
1407 403 14230
1405 405 14231
1402 408 14232
1400 411 14233
1398 413 14234
1396 415 14235
1394 417 14236
1392 419 14237
1390 422 14238
1388 424 14239
1386 426 14240
1384 428 14241
1383 430 14242
1382 432 14243
1379 434 14244
1378 436 14245
1376 438 14246
1375 439 14247
1373 440 14248
1371 442 14249
1370 443 14250
1368 444 14251
1366 445 14252
1365 446 14253
1363 447 14254
1362 447 14255
1360 448 14256
1359 448 14257
1358 448 14258
1356 448 14259
1355 448 14260
1354 447 14261
1352 447 14262
1352 446 14263
1350 445 14264
1349 444 14265
1348 443 14266
1347 442 14267
1346 441 14268
1345 440 14269
1344 439 14270
1344 438 14271
1342 438 14272
1342 437 14273
1341 437 14274
1340 437 14275
1339 436 14276
1339 436 14277
1338 437 14278
1338 437 14279
1337 438 14280
1337 438 14281
1336 439 14282
1336 440 14283
1335 441 14284
1335 443 14285
1334 443 14286
1334 445 14287
1334 446 14288
1335 447 14289
1335 449 14290
1335 450 14291
1335 451 14292
1335 451 14293
1335 452 14294
1336 452 14295
1336 452 14296
1336 453 14297
1336 453 14298
1336 453 14299
1336 453 14300
1336 453 14301
1336 453 14302
1336 454 14303
1337 454 14304
1337 455 14305
1337 456 14306
1337 457 14307
1337 458 14308
1337 459 14309
1337 460 14310
1337 461 14311
1337 463 14312
1338 464 14313
1338 465 14314
1338 466 14315
1338 468 14316
1339 469 14317
1340 470 14318
1340 472 14319
1341 473 14320
1342 474 14321
1342 474 14322
1343 476 14323
1344 476 14324
1347 479 14326
1349 480 14327
1349 481 14328
1350 482 14329
1352 483 14330
1353 484 14331
1356 485 14332
1358 486 14333
1359 487 14334
1361 488 14335
1363 489 14336
1364 490 14337
1367 490 14338
1369 492 14339
1370 492 14340
1372 493 14341
1374 494 14342
1376 495 14343
1378 496 14344
1380 497 14345
1381 498 14346
1383 499 14347
1385 500 14348
1386 501 14349
1388 501 14350
1390 503 14351
1391 503 14352
1393 504 14353
1394 505 14354
1395 506 14355
1397 507 14356
1397 508 14357
1399 508 14358
1400 510 14359
1401 511 14360
1403 511 14361
1403 512 14362
1404 513 14363
1405 514 14364
1406 515 14365
1406 516 14366
1407 517 14367
1408 518 14368
1408 518 14369
1409 519 14370
1411 523 14371
1411 524 14372
1413 525 14373
1412 522 14374
1412 523 14375
1414 524 14376
1414 527 14377
1415 527 14378
1416 529 14379
1416 529 14380
1417 529 14381
1417 530 14382
1418 530 14383
1419 529 14384
1419 531 14385
1421 531 14386
1422 532 14387
1422 532 14388
1423 533 14389
1423 535 14390
1423 536 14391
1424 536 14392
1425 536 14393
1425 537 14394
1426 538 14395
1427 538 14396
1428 539 14397
1428 539 14398
1429 540 14399
1429 541 14400
1431 541 14401
1431 541 14402
1435 542 14403
1436 542 14404
1436 543 14405
1437 543 14406
1438 544 14407
1439 545 14408
1440 545 14409
1440 546 14410
1441 546 14411
1442 546 14412
1442 547 14413
