2356 691 39
2356 691 40
2356 691 41
2355 690 42
2356 689 43
2356 688 44
2358 688 46
2357 687 48
2356 685 50
2357 685 51
2356 685 52
2355 684 53
2357 684 54
2356 683 55
2356 682 57
2356 682 59
2356 681 60
2355 681 62
2356 682 63
2356 681 64
2356 680 65
2357 681 67
2355 679 68
2357 680 70
2354 679 71
2354 679 72
2354 678 73
2351 677 74
2356 677 77
2350 677 78
2352 678 80
2347 678 81
2352 679 82
2356 680 83
2356 680 84
2356 680 87
2357 681 88
2358 681 90
2362 681 91
2362 682 92
2362 682 93
2361 682 94
2359 682 97
2362 683 98
2362 683 100
2363 683 101
2363 682 102
2363 682 103
2362 683 104
2363 682 107
2364 682 108
2364 682 110
2364 682 111
2367 681 112
2365 681 113
2364 680 114
2364 680 117
2364 680 118
2365 680 120
2366 679 121
2366 679 122
2364 678 123
2364 678 124
2365 678 126
2366 677 128
2365 677 130
2365 677 131
2365 677 132
2366 676 133
2367 674 134
2366 675 135
2365 675 138
2367 675 140
2365 675 141
2365 675 142
2366 674 143
2367 673 144
2366 673 145
2366 673 148
2366 673 150
2365 673 151
2366 673 152
2368 673 153
2367 673 154
2367 673 155
2368 674 158
2370 677 160
2370 677 161
2371 678 162
2372 679 163
2374 680 164
2375 681 165
2376 682 168
2379 683 170
2380 683 171
2381 684 172
2378 685 173
2380 686 174
2381 686 175
2383 687 178
2383 687 180
2382 687 181
2382 687 182
2382 688 183
2381 688 184
2383 689 185
2382 689 188
2380 689 190
2381 689 191
2381 689 192
2381 689 193
2381 689 194
2381 689 195
2377 690 197
2377 690 200
2376 690 201
2376 690 202
2376 690 203
2374 690 204
2374 690 205
2374 691 206
2372 691 209
2372 691 210
2372 691 211
2372 691 212
2372 691 213
2372 691 214
2371 691 215
2371 691 218
2372 692 220
2372 692 221
2371 692 222
2369 693 223
2370 693 224
2371 693 225
2371 693 228
2370 693 230
2371 692 231
2373 692 232
2373 692 233
2373 693 234
2369 694 235
2370 693 238
2372 694 240
2373 695 241
2373 695 242
2374 695 243
2373 696 244
2373 696 245
2375 696 247
2374 696 251
2376 696 252
2379 696 253
2378 696 254
2376 696 255
2378 696 256
2375 695 258
2380 695 260
2380 696 262
2379 695 263
2379 694 264
2379 694 265
2380 694 266
2380 694 268
2381 693 270
2381 692 272
2380 692 273
2381 693 274
2382 692 275
2381 691 276
2381 691 277
2380 691 279
2379 690 281
2378 689 282
2378 688 283
2378 688 284
2377 688 285
2376 687 287
2375 686 288
2374 686 290
2373 685 291
2372 685 292
2371 684 293
2372 684 295
2371 683 297
2368 683 298
2367 682 300
2365 682 301
2365 681 302
2365 681 303
2365 680 305
2365 680 307
2364 679 308
2362 679 310
2362 679 311
2362 678 312
2363 678 313
2361 677 315
2361 676 317
2361 676 318
2360 675 320
2360 676 321
2360 676 322
2360 675 323
2360 675 325
2360 675 327
2360 674 328
2361 673 330
2362 673 331
2363 673 332
2363 673 333
2363 671 335
2363 671 337
2364 671 338
2363 671 340
2363 670 341
2364 670 342
2364 670 343
2365 670 345
2366 670 346
2367 669 348
2368 668 349
2368 668 351
2367 668 352
2367 668 353
2368 668 355
2366 668 356
2368 667 357
2368 667 359
2367 666 361
2366 666 362
2368 666 363
2368 666 365
2369 665 366
2368 665 368
2368 664 369
2369 664 371
2368 664 372
2368 663 373
2368 663 375
2369 663 376
2367 663 378
2366 662 379
2365 661 381
2364 661 382
2364 660 383
2366 660 385
2366 660 386
2366 662 388
2365 661 389
2366 661 391
2366 661 392
2364 661 393
2364 663 395
2366 662 396
2362 662 398
2361 663 399
2361 663 401
2362 663 402
2362 664 403
2360 664 405
2360 663 406
2360 663 408
2361 665 409
2360 664 411
2361 664 412
2360 664 413
2361 665 415
2363 665 416
2363 665 418
2363 666 419
2363 666 421
2365 666 422
2366 666 423
2367 666 425
2366 667 426
2365 667 428
2367 668 429
2368 666 431
2369 667 432
2368 667 433
2366 667 434
2366 667 436
2366 666 437
2369 666 438
2368 667 440
2369 668 441
2368 667 442
2368 667 444
2366 667 446
2368 667 447
2367 667 448
2368 667 450
2369 666 451
2370 667 452
2368 666 454
2369 666 456
2369 667 457
2370 667 458
2371 667 460
2372 667 461
2373 668 462
2371 667 464
2371 667 466
2373 668 467
2374 667 468
2373 667 471
2374 668 472
2373 668 473
2374 668 475
2374 668 477
2374 667 478
2373 667 479
2372 668 481
2371 667 482
2371 667 483
2372 667 485
2370 666 487
2370 666 488
2369 665 489
2367 665 491
2368 666 492
2368 665 493
2368 664 495
2366 664 497
2367 663 498
2366 663 499
2365 664 500
2367 663 502
2367 663 503
2369 664 505
2368 664 506
2368 663 507
2369 663 508
2371 663 509
2371 664 511
2372 664 512
2372 664 514
2374 664 515
2374 664 516
2374 664 517
2375 664 519
2376 664 521
2376 664 522
2375 664 524
2375 663 525
2376 663 526
2374 663 527
2375 661 529
2372 661 531
2372 660 532
2371 659 534
2371 658 535
2372 657 536
2371 657 537
2369 657 539
2369 654 541
2370 655 542
2366 654 544
2367 654 545
2368 654 546
2368 654 547
2368 653 549
2367 653 551
2367 653 552
2366 651 554
2366 651 555
2364 652 556
2365 653 557
2366 651 559
2367 651 561
2367 652 562
2366 651 564
2366 651 565
2367 652 566
2367 652 567
2366 651 569
2366 651 571
2366 651 572
2365 651 573
2367 652 574
2366 651 576
2367 651 577
2367 651 580
2366 651 581
2367 650 582
2368 650 583
2368 650 584
2368 650 586
2368 649 587
2367 648 589
2369 648 590
2369 648 591
2367 648 592
2368 648 594
2368 648 596
2368 647 597
2367 647 599
2369 649 600
2370 649 601
2369 648 602
2370 648 604
2370 649 606
2370 649 607
2370 649 609
2370 650 610
2369 649 611
2370 649 612
2371 650 614
2370 650 616
2369 650 617
2370 649 619
2370 649 620
2370 650 621
2369 650 622
2368 649 624
2369 648 626
2368 647 627
2367 647 629
2366 647 630
2367 647 631
2367 646 632
2367 646 634
2365 646 636
2365 647 637
2365 646 639
2365 646 640
2366 646 641
2367 648 642
2365 647 644
2366 647 646
2367 648 647
2367 649 649
2367 647 650
2366 647 651
2367 647 652
2368 649 653
2369 649 655
2370 649 656
2370 650 658
2369 651 659
2369 651 660
2369 651 661
2371 652 662
2372 651 664
2373 652 665
2372 653 667
2372 653 668
2373 654 669
2374 654 671
2374 654 672
2374 654 674
2374 655 675
2374 653 677
2374 653 678
2374 653 679
2373 652 681
2373 651 682
2372 651 684
2372 651 685
2370 649 687
2369 648 688
2369 646 689
2368 645 692
2368 645 693
2366 645 695
2366 644 696
2365 643 698
2364 644 699
2363 644 700
2363 644 702
2363 644 703
2363 645 705
2363 644 706
2363 644 708
2363 645 709
2363 645 710
2361 645 712
2361 645 713
2363 645 715
2362 645 716
2362 645 718
2362 645 719
2362 645 720
2362 645 722
2362 645 723
2362 645 725
2361 645 726
2364 645 728
2363 645 729
2363 645 730
2363 645 731
2362 645 733
2364 645 734
2363 645 735
2363 646 737
2363 645 738
2363 645 739
2363 646 740
2362 646 742
2363 647 744
2363 647 745
2363 647 747
2362 646 748
2362 646 749
2363 647 750
2361 647 752
2364 647 754
2364 647 755
2362 648 757
2363 649 758
2365 648 759
2365 648 760
2364 649 762
2364 650 764
2363 650 765
2364 650 767
2365 650 768
2365 650 769
2365 650 770
2362 650 772
2364 650 774
2365 651 775
2362 651 777
2362 651 778
2363 651 779
2363 651 780
2363 652 782
2362 653 784
2362 653 785
2361 652 787
2361 652 788
2362 653 789
2361 653 790
2359 653 792
2359 653 794
2357 653 795
2357 654 797
2357 654 798
2356 654 799
2356 655 801
2355 655 803
2354 655 804
2354 655 805
2353 654 807
2352 654 808
2353 654 809
2353 654 810
2354 654 812
2354 653 813
2354 652 814
2356 651 817
2356 650 818
2356 649 819
2358 648 820
2358 647 822
2359 646 823
2360 645 824
2362 643 827
2362 642 828
2364 642 829
2364 642 830
2368 643 832
2368 643 833
2369 643 834
2372 644 837
2373 644 838
2373 643 839
2373 643 840
2374 644 842
2374 645 843
2374 645 844
2375 645 847
2376 644 848
2376 644 849
2376 644 850
2375 644 852
2377 644 853
2377 644 854
2378 644 856
2378 643 858
2379 643 859
2378 643 860
2378 643 862
2378 643 863
2378 643 864
2378 643 866
2378 644 868
2378 643 869
2379 643 870
2380 644 872
2380 644 873
2379 645 874
2379 645 875
2379 646 877
2379 646 878
2377 646 879
2378 647 881
2379 647 882
2380 647 883
2380 647 884
2380 647 886
2379 646 887
2377 646 889
2375 645 891
2375 645 892
2375 645 893
2375 644 894
2374 644 896
2371 644 897
2372 643 899
2373 643 901
2372 644 902
2372 643 903
2372 643 904
2371 643 906
2371 644 907
2369 643 909
2369 643 912
2370 642 913
2369 642 914
2366 642 915
2365 642 917
2365 642 918
2364 642 920
2363 642 922
2362 642 923
2361 643 924
2361 643 925
2361 643 927
2361 645 928
2361 646 930
2360 646 932
2359 646 933
2358 646 934
2358 647 935
2358 648 937
2357 647 938
2357 646 940
2357 648 942
2358 647 943
2357 647 944
2356 647 945
2357 648 946
2358 647 947
2357 646 949
2356 647 951
2357 647 952
2356 646 953
2356 646 954
2356 646 955
2357 646 956
2357 646 958
2357 646 961
2357 647 962
2357 646 963
2356 646 964
2356 646 965
2357 646 966
2356 646 968
2356 645 971
2356 645 972
2357 646 973
2357 645 974
2356 645 975
2356 645 976
2357 645 978
2357 646 981
2356 645 982
2357 645 983
2358 644 984
2357 644 985
2357 645 986
2356 645 988
2356 645 991
2356 645 992
2356 645 993
2355 645 994
2355 646 995
2355 646 996
2353 646 998
2354 646 1000
2354 647 1002
2354 647 1003
2353 646 1004
2353 646 1005
2353 647 1006
2352 647 1008
2352 647 1010
2353 647 1011
2352 647 1013
2352 647 1014
2351 646 1015
2350 646 1016
2352 646 1017
2351 646 1019
2350 646 1020
2350 646 1023
2351 647 1024
2351 646 1025
2349 646 1026
2348 646 1027
2350 646 1029
2348 646 1031
2348 646 1033
2348 647 1034
2349 646 1035
2348 646 1036
2347 646 1037
2349 645 1039
2349 645 1041
2348 645 1043
2350 645 1044
2349 644 1045
2349 644 1046
2352 644 1047
2352 643 1049
2352 644 1051
2354 643 1053
2354 643 1054
2354 643 1055
2354 643 1056
2354 643 1057
2356 642 1059
2356 642 1061
2357 641 1063
2357 641 1064
2357 642 1065
2359 641 1066
2359 641 1067
2361 641 1069
2358 642 1071
2361 642 1073
2361 642 1074
2363 643 1075
2364 643 1076
2362 642 1077
2366 643 1079
2366 644 1081
2367 644 1083
2366 644 1084
2366 644 1085
2368 644 1086
2368 644 1087
2369 644 1089
2369 644 1090
2367 644 1092
2367 643 1093
2367 642 1094
2367 642 1095
2370 643 1096
2366 642 1098
2367 642 1099
2367 642 1102
2366 642 1103
2363 641 1104
2363 641 1105
2363 640 1106
2362 640 1108
2361 640 1109
2361 640 1112
2361 641 1113
2361 641 1114
2360 642 1115
2360 642 1116
2360 641 1118
2357 641 1119
2358 642 1122
2359 642 1123
2358 642 1124
2359 642 1125
2359 641 1126
2359 641 1128
2359 641 1129
2361 641 1133
2360 641 1134
2360 641 1135
2362 641 1136
2364 641 1137
2364 640 1139
2363 640 1140
2363 640 1143
2363 640 1144
2364 641 1145
2366 642 1146
2366 641 1147
2365 642 1149
2365 641 1150
2365 641 1152
2365 642 1153
2365 641 1155
2365 641 1156
2366 643 1157
2365 643 1158
2367 642 1159
2367 644 1161
2367 644 1162
2369 645 1164
2370 646 1165
2369 646 1166
2368 647 1167
2371 648 1168
2369 648 1170
2371 648 1171
2370 647 1174
2372 647 1175
2370 648 1176
2369 648 1177
2369 647 1178
2369 646 1180
2367 645 1181
2364 644 1184
2365 644 1185
2365 644 1186
2362 644 1187
2364 644 1188
2360 644 1190
2360 644 1191
2360 644 1194
2359 644 1195
2357 643 1196
2359 643 1197
2357 643 1198
2357 644 1200
2356 644 1201
2354 644 1203
2354 644 1205
2354 645 1206
2351 644 1207
2351 644 1208
2352 644 1210
2352 644 1211
2352 644 1213
2349 644 1215
2351 644 1216
2351 645 1217
2350 644 1218
2351 643 1220
2351 644 1221
2351 644 1223
2352 643 1224
2353 643 1226
2353 642 1227
2355 642 1228
2355 642 1230
2355 642 1231
2356 642 1233
2357 642 1234
2359 642 1236
2358 641 1237
2358 641 1238
2361 641 1239
2360 641 1240
2361 641 1242
2361 642 1244
2360 642 1247
2361 641 1248
2362 641 1249
2361 641 1250
2362 641 1251
2364 641 1253
2363 640 1254
2363 640 1257
2361 640 1258
2360 640 1259
2360 639 1260
2363 639 1261
2360 641 1263
2363 641 1264
2364 641 1267
2363 640 1268
2361 640 1269
2361 641 1270
2363 641 1271
2360 640 1273
2362 640 1274
2362 640 1277
2360 640 1278
2361 640 1279
2362 640 1280
2361 640 1281
2358 640 1283
2359 639 1284
2356 638 1286
2356 638 1288
2356 637 1289
2357 637 1290
2356 637 1291
2356 637 1293
2355 636 1294
2355 636 1296
2355 636 1298
2356 636 1299
2357 636 1300
2354 636 1301
2355 636 1303
2354 636 1304
2355 635 1305
2356 635 1307
2355 635 1308
2354 635 1309
2354 636 1310
2353 635 1312
2354 635 1313
2353 635 1314
2352 636 1317
2351 635 1318
2351 635 1319
2352 635 1320
2352 635 1322
2353 635 1323
2352 634 1324
2353 634 1327
2354 634 1328
2354 634 1329
2354 633 1330
2355 633 1332
2355 633 1333
2358 633 1334
2360 633 1337
2362 633 1338
2361 633 1339
2363 633 1340
2364 633 1342
2364 634 1343
2365 634 1344
2366 635 1347
2367 635 1348
2368 636 1349
2368 636 1350
2370 637 1352
2370 637 1354
2370 637 1355
2371 639 1358
2371 639 1359
2371 639 1360
2372 639 1361
2372 640 1363
2374 640 1364
2373 640 1365
2372 641 1367
2373 641 1368
2373 641 1370
2373 641 1371
2372 641 1373
2371 642 1374
2373 641 1375
2373 641 1376
2372 641 1378
2372 641 1379
2372 641 1380
2372 641 1382
2372 640 1383
2370 640 1384
2369 640 1385
2370 640 1387
2368 640 1388
2369 640 1390
2370 641 1392
2369 640 1393
2367 640 1394
2369 640 1395
2369 641 1397
2368 640 1398
2368 640 1400
2369 641 1402
2368 641 1403
2368 641 1404
2369 641 1405
2368 642 1407
2367 642 1408
2369 642 1410
2368 642 1412
2369 643 1413
2368 644 1414
2369 644 1415
2367 644 1417
2367 644 1418
2368 645 1420
2368 646 1422
2369 647 1423
2371 647 1424
2371 648 1425
2371 648 1427
2368 649 1428
2370 649 1430
2371 650 1432
2372 651 1433
2370 651 1434
2370 652 1435
2369 652 1437
2371 652 1438
2369 652 1440
2370 653 1441
2369 653 1443
2369 654 1444
2369 654 1445
2370 654 1446
2368 654 1447
2368 654 1449
2370 654 1450
2369 655 1452
2369 656 1453
2368 656 1454
2368 656 1455
2369 656 1456
2370 656 1458
2371 656 1460
2369 656 1462
2369 656 1463
2369 656 1465
2369 656 1466
2369 655 1467
2369 655 1469
2369 655 1471
2367 654 1473
2367 654 1474
2368 654 1475
2367 655 1476
2366 654 1477
2366 654 1479
2366 655 1481
2367 655 1483
2369 654 1484
2367 654 1485
2368 655 1486
2368 654 1487
2368 653 1489
2369 654 1491
2368 654 1493
2366 653 1494
2367 653 1495
2367 653 1496
2367 653 1497
2367 652 1499
2367 652 1501
2367 652 1503
2369 652 1504
2367 652 1505
2367 653 1506
2369 652 1507
2369 652 1509
2369 652 1511
2370 652 1513
2369 652 1514
2369 652 1515
2371 653 1516
2371 653 1517
2373 653 1519
2370 653 1520
2373 653 1522
2375 653 1523
2374 653 1524
2375 654 1525
2375 654 1526
2376 654 1528
2377 654 1529
2377 654 1532
2377 654 1533
2377 655 1534
2376 655 1535
2378 655 1536
2378 655 1538
2377 655 1539
2377 655 1542
2378 655 1543
2377 654 1544
2378 654 1545
2375 655 1546
2376 654 1548
2376 653 1549
2376 652 1552
2374 651 1553
2372 652 1554
2372 652 1555
2370 650 1556
2370 650 1558
2371 651 1559
2370 650 1562
2370 650 1563
2369 649 1564
2366 649 1565
2369 649 1566
2367 649 1568
2366 650 1569
2365 648 1572
2366 649 1573
2364 649 1575
2362 649 1576
2364 650 1577
2363 651 1579
2362 651 1580
2362 651 1582
2363 651 1584
2362 651 1585
2362 651 1586
2361 651 1587
2361 653 1589
2362 653 1590
2361 652 1591
2361 653 1593
2361 653 1594
2361 653 1595
2362 654 1596
2362 654 1598
2363 654 1599
2363 654 1600
2362 655 1603
2360 655 1604
2361 655 1605
2360 655 1606
2360 655 1608
2360 655 1609
2359 656 1610
2358 656 1613
2358 655 1614
2358 655 1615
2358 656 1616
2357 655 1618
2356 655 1619
2357 655 1620
2354 655 1623
2353 655 1624
2355 654 1625
2354 654 1626
2353 655 1628
2353 655 1629
2355 655 1630
2354 654 1632
2353 654 1634
2353 654 1635
2353 654 1636
2353 655 1638
2353 655 1639
2353 655 1640
2352 656 1642
2353 657 1644
2353 657 1645
2353 657 1646
2352 658 1648
2352 658 1649
2351 658 1650
2351 659 1652
2351 660 1654
2351 660 1655
2351 661 1656
2351 661 1658
2350 661 1659
2348 661 1660
2348 662 1661
2349 661 1663
2350 661 1664
2350 661 1666
2349 661 1667
2350 662 1668
2351 662 1669
2351 661 1670
2351 661 1672
2353 661 1674
2353 661 1676
2353 661 1677
2353 660 1678
2354 661 1679
2354 661 1680
2356 660 1682
2356 660 1685
2356 660 1687
2357 660 1688
2356 660 1689
2356 661 1690
2359 661 1691
2359 661 1693
2358 661 1695
2357 662 1697
2358 662 1698
2358 661 1699
2357 661 1700
2358 662 1701
2358 661 1703
2359 662 1705
2360 662 1707
2361 662 1708
2360 662 1709
2361 663 1710
2361 663 1711
2360 662 1713
2360 662 1715
2360 663 1717
2360 663 1718
2360 663 1719
2361 662 1720
2358 662 1721
2358 662 1723
2356 662 1725
2356 661 1727
2355 660 1728
2355 660 1729
2354 660 1730
2356 660 1731
2354 659 1732
2353 658 1735
2351 658 1736
2350 659 1737
2350 659 1738
2350 658 1739
2350 658 1740
2350 658 1741
2350 658 1744
2348 658 1746
2348 658 1747
2346 658 1748
2347 658 1749
2346 658 1750
2346 658 1751
2347 658 1754
2347 657 1756
2347 657 1757
2348 658 1758
2348 657 1759
2348 657 1760
2349 657 1761
2350 657 1764
2350 654 1766
2351 651 1767
2354 648 1768
2356 645 1769
2356 641 1770
2357 635 1771
2357 626 1773
2357 616 1776
2358 608 1777
2360 600 1778
2360 593 1779
2360 587 1780
2359 580 1781
2356 568 1783
2352 557 1785
2349 549 1787
2346 542 1788
2343 536 1789
2339 531 1790
2335 526 1791
2329 519 1793
2316 509 1795
2312 507 1797
2302 502 1798
2294 499 1800
2290 497 1801
2279 493 1802
2270 491 1804
2262 490 1805
2255 489 1806
2248 488 1807
2233 487 1809
2222 487 1811
2215 487 1812
2207 487 1813
2199 487 1814
2194 486 1815
2187 485 1816
2168 484 1819
2158 483 1821
2153 483 1822
2149 482 1823
2144 482 1824
2139 481 1825
2133 479 1826
2119 479 1829
2111 478 1831
2106 478 1832
2102 478 1833
2099 478 1834
2093 479 1835
2090 480 1836
2076 486 1839
2055 494 1841
2048 497 1842
2046 501 1843
2043 503 1844
2039 506 1845
2033 510 1846
2023 518 1849
2007 521 1851
1999 522 1852
1994 523 1853
1989 526 1854
1986 529 1855
1985 532 1856
1978 536 1858
1972 542 1860
1965 546 1862
1963 549 1863
1961 550 1864
1957 552 1865
1956 555 1866
1955 564 1868
1954 568 1869
1949 573 1871
1944 576 1872
1940 586 1874
1938 593 1875
1934 598 1876
1927 619 1877
1920 631 1878
1913 644 1880
1906 656 1882
1900 666 1883
1896 673 1884
1894 681 1885
1888 692 1887
1883 701 1888
1876 712 1890
1852 722 1892
1836 728 1893
1834 731 1894
1825 738 1895
1813 745 1897
1805 750 1898
1793 757 1900
1787 760 1902
1785 762 1903
1783 763 1904
1774 769 1905
1770 771 1908
1767 773 1909
1757 778 1911
1774 804 1913
1808 839 1914
1815 844 1915
1805 844 1916
1790 840 1918
1783 840 1919
1778 843 1921
1787 850 1923
1823 865 1924
1891 889 1925
1892 890 1926
1893 890 1928
1894 890 1929
1894 890 1931
1894 890 1933
1893 890 1934
1893 890 1935
1893 890 1936
1888 889 1938
1447 873 1939
1442 873 1961
1440 858 1962
1444 856 1964
1445 855 1966
1445 855 1968
1445 855 1969
1362 927 1970
1350 937 1974
1340 942 1976
1324 943 1978
1315 945 1979
1309 947 1980
1303 949 1981
1294 951 1982
1272 949 1984
1255 948 1986
1246 950 1988
1241 951 1989
1234 951 1990
1226 950 1991
1219 951 1992
1209 952 1994
1198 954 1996
1178 968 1998
1163 977 1999
1153 978 2000
1143 979 2001
1132 980 2002
1113 983 2004
1094 985 2006
1079 987 2008
1065 989 2009
1056 990 2010
1046 992 2011
1034 993 2012
1021 995 2014
991 998 2015
975 999 2018
965 1001 2019
956 1001 2020
949 1002 2021
932 1003 2022
919 1005 2024
897 1006 2025
874 1008 2028
864 1008 2029
854 1009 2030
846 1010 2031
830 1011 2032
815 1012 2034
797 1013 2035
772 1015 2038
761 1016 2039
750 1017 2040
741 1017 2041
726 1017 2042
708 1018 2044
691 1019 2045
663 1021 2048
653 1021 2049
642 1021 2050
631 1022 2051
616 1022 2052
598 1023 2054
583 1023 2055
552 1024 2058
541 1024 2059
530 1025 2060
520 1025 2061
509 1025 2062
488 1027 2064
476 1027 2065
433 1023 2068
425 1024 2069
416 1024 2070
409 1024 2071
400 1024 2072
375 1021 2074
366 1021 2075
339 1023 2078
332 1024 2079
326 1025 2080
319 1026 2081
314 1027 2082
304 1028 2084
294 1031 2085
266 1046 2087
253 1050 2088
238 1053 2090
227 1055 2091
219 1056 2092
211 1058 2093
200 1059 2094
180 1060 2096
170 1061 2097
153 1063 2100
140 1064 2101
132 1065 2102
125 1065 2103
115 1066 2104
95 1068 2106
77 1069 2107
57 1070 2110
48 1071 2111
48 1071 2112
48 1072 2113
48 1074 2114
48 1074 2116
48 1073 2117
3571 1092 2120
3561 1093 3576
3556 1093 3577
3547 1094 3578
3536 1095 3580
3531 1095 3581
3526 1095 3582
3517 1095 3583
3507 1096 3585
3502 1096 3586
3493 1096 3587
3484 1097 3589
3477 1098 3590
3467 1098 3592
3460 1098 3593
3451 1098 3595
3444 1099 3596
3436 1099 3597
3425 1099 3599
3418 1099 3600
3408 1099 3602
3400 1099 3603
3387 1098 3605
3380 1098 3606
3372 1098 3607
3360 1098 3609
3353 1098 3610
3339 1098 3612
3332 1098 3613
3317 1098 3615
3309 1098 3616
3301 1098 3617
3286 1098 3619
3279 1098 3620
3263 1098 3622
3256 1098 3623
3240 1098 3625
3232 1098 3626
3224 1098 3627
3210 1097 3629
3202 1097 3630
3187 1097 3632
3180 1096 3633
3168 1096 3635
3160 1095 3636
3152 1095 3637
3142 1094 3639
3134 1094 3640
3122 1092 3642
3114 1091 3643
3103 1089 3645
3096 1088 3646
3090 1086 3647
3082 1086 3648
3074 1083 3650
3067 1081 3651
3061 1079 3652
3051 1077 3654
3043 1075 3655
3037 1072 3657
3030 1069 3658
3024 1066 3659
3018 1063 3660
3012 1059 3661
3006 1053 3663
2998 1046 3664
2990 1035 3666
2984 1025 3668
2978 1015 3669
2975 1007 3670
2971 998 3671
2965 988 3673
2956 967 3674
2946 946 3677
2940 933 3679
2936 925 3680
2932 919 3681
2926 904 3682
2921 892 3684
2917 881 3685
2907 862 3687
2900 848 3689
2895 840 3690
2892 833 3691
2886 820 3692
2881 808 3694
2876 798 3695
2868 780 3697
2861 767 3699
2858 758 3700
2855 751 3701
2850 741 3702
2843 730 3704
2840 723 3705
2831 709 3707
2824 698 3709
2819 692 3710
2816 687 3711
2812 681 3712
2804 671 3714
2801 666 3715
2790 658 3717
2781 650 3719
2776 647 3720
2772 643 3721
2765 640 3722
2753 635 3724
2746 632 3725
2732 627 3727
2725 626 3728
2709 622 3730
2699 621 3731
2689 618 3732
2681 616 3733
2670 614 3734
2648 612 3736
2630 617 3737
2601 627 3739
2589 629 3740
2580 630 3741
2569 629 3742
2554 627 3744
2542 626 3746
2541 628 3747
2549 635 3749
2551 637 3750
2551 637 3751
2352 625 3752
2318 627 3759
2294 631 3760
2276 632 3761
2254 635 3762
2218 641 3764
2184 645 3766
2153 649 3767
2123 653 3769
2096 656 3770
2075 660 3771
2051 663 3772
2011 674 3774
1972 695 3776
1939 711 3777
1921 707 3779
1900 701 3780
1882 695 3781
1856 686 3782
1921 726 3784
1923 727 3787
1923 728 3788
1896 724 3790
1608 694 3791
1580 695 3796
1553 694 3798
1532 687 3799
1526 679 3801
1529 677 3802
1521 678 3803
1121 767 3804
1104 769 3823
1080 778 3824
1046 788 3826
1028 787 3827
991 788 3830
956 790 3831
942 793 3832
932 795 3833
917 795 3834
888 792 3836
873 793 3837
923 804 3840
928 805 3841
929 806 3842
599 815 3843
568 817 3856
548 818 3857
519 820 3859
492 822 3861
473 823 3862
457 824 3863
440 825 3864
414 827 3866
394 828 3867
369 830 3869
348 831 3870
324 833 3872
304 834 3873
288 835 3874
265 837 3876
241 838 3877
220 840 3879
200 841 3880
184 842 3881
170 843 3882
153 844 3883
133 846 3885
110 848 3886
90 850 3888
68 851 3889
54 852 3890
37 853 3891
32 857 3893
32 858 3895
32 858 3897
33 858 3899
2851 1027 3900
2838 1028 5126
2829 1029 5127
2822 1030 5128
2800 1033 5130
2789 1034 5133
2785 1034 5134
2777 1035 5135
2766 1035 5136
2760 1036 5137
2754 1037 5138
2733 1038 5140
2700 1039 5143
2692 1040 5144
2683 1041 5145
2675 1041 5146
2668 1042 5147
2658 1043 5148
2641 1044 5150
2623 1045 5152
2608 1046 5154
2601 1047 5155
2593 1048 5156
2584 1048 5157
2576 1049 5158
2559 1050 5160
2551 1051 5161
2535 1052 5163
2526 1053 5164
2511 1054 5166
2503 1054 5167
2495 1054 5168
2487 1055 5169
2479 1055 5170
2463 1056 5172
2454 1057 5173
2439 1057 5175
2430 1058 5176
2415 1059 5178
2407 1060 5179
2399 1061 5180
2385 1061 5182
2375 1062 5183
2363 1063 5185
2353 1064 5186
2340 1065 5188
2330 1066 5189
2321 1067 5190
2308 1067 5192
2298 1068 5193
2287 1068 5195
2276 1069 5196
2265 1070 5198
2256 1071 5199
2247 1071 5200
2235 1072 5202
2224 1073 5203
2213 1073 5205
2203 1074 5206
2192 1075 5208
2182 1076 5209
2173 1077 5210
2163 1077 5212
2150 1078 5213
2141 1078 5215
2131 1079 5216
2121 1079 5218
2110 1080 5219
2092 1081 5220
2083 1081 5223
2068 1084 5224
2055 1087 5226
2045 1087 5227
2034 1088 5229
2029 1088 5230
2019 1088 5231
2010 1089 5233
2000 1089 5234
1988 1089 5236
1979 1088 5237
1946 1090 5238
1894 1094 5239
1894 1094 5240
1894 1094 5242
1895 1094 5243
1898 1094 5246
1897 1095 5247
1896 1095 5248
1894 1095 5249
1753 1099 5250
1745 1099 5270
1738 1099 5271
1731 1099 5272
1705 1101 5276
1698 1101 5277
1690 1101 5278
1683 1101 5279
1677 1102 5280
1669 1102 5281
1662 1102 5282
1641 1103 5285
1630 1105 5287
1622 1106 5288
1616 1106 5289
1609 1107 5290
1601 1105 5291
1592 1105 5292
1574 1105 5295
1561 1106 5297
1553 1107 5298
1546 1107 5299
1539 1108 5300
1533 1108 5301
1523 1108 5302
1504 1109 5305
1494 1110 5307
1485 1110 5308
1478 1110 5309
1471 1110 5310
1464 1110 5311
1456 1110 5312
1443 1110 5314
1432 1111 5316
1422 1111 5317
1415 1111 5318
1409 1111 5319
1402 1112 5320
1393 1112 5321
1380 1112 5323
1368 1113 5325
1357 1113 5327
1347 1113 5328
1340 1113 5329
1333 1114 5330
1319 1114 5331
1305 1115 5334
1289 1115 5336
1278 1115 5338
1271 1115 5339
1264 1115 5340
1258 1115 5341
1250 1115 5342
1236 1115 5344
1219 1115 5346
1207 1115 5348
1199 1115 5349
1193 1115 5350
1186 1115 5351
1178 1115 5352
1163 1114 5354
1147 1114 5356
1134 1114 5358
1126 1114 5359
1119 1113 5360
1113 1113 5361
1104 1113 5362
1089 1112 5364
1072 1112 5366
1058 1111 5368
1050 1111 5369
1042 1110 5370
1036 1110 5371
1027 1109 5372
1011 1108 5374
996 1107 5376
988 1107 5377
979 1106 5378
963 1106 5380
955 1106 5381
948 1105 5382
940 1104 5383
924 1104 5385
917 1104 5386
910 1104 5387
892 1103 5389
884 1102 5390
876 1102 5391
870 1101 5392
854 1100 5394
844 1100 5395
838 1099 5396
816 1097 5399
807 1097 5400
799 1096 5401
792 1096 5402
777 1096 5404
769 1095 5405
761 1095 5406
742 1093 5409
732 1093 5410
724 1093 5411
716 1093 5412
696 1100 5414
687 1102 5415
684 1102 5416
678 1102 5419
676 1104 5420
680 1107 5421
683 1109 5422
683 1109 5424
683 1109 5425
149 1046 5426
134 1044 5482
125 1043 5483
118 1042 5484
110 1041 5485
92 1039 5487
77 1038 5489
69 1036 5490
52 1034 5492
45 1034 5493
37 1033 5494
32 1032 5495
32 1031 5497
32 1028 5499
3603 108 5500
3604 113 6164
3605 121 6165
3609 136 6167
3609 145 6168
3609 152 6169
3607 167 6171
3604 182 6173
3603 191 6174
3602 199 6175
3597 213 6177
3596 221 6178
3593 230 6179
3588 245 6181
3581 259 6183
3578 267 6184
3576 276 6185
3570 288 6187
3567 298 6188
3565 306 6189
3561 317 6191
3557 327 6192
3553 338 6194
3549 348 6195
3544 358 6197
3541 366 6198
3539 373 6199
3536 384 6201
3533 394 6202
3530 400 6203
3527 408 6204
3523 418 6206
3520 426 6207
3517 433 6208
3514 442 6210
3511 451 6211
3509 458 6212
3505 469 6214
3499 486 6216
3497 490 6218
3492 500 6219
3488 509 6221
3486 513 6222
3483 520 6223
3477 533 6225
3473 542 6227
3471 546 6228
3467 555 6229
3462 563 6231
3459 568 6232
3456 574 6233
3450 586 6235
3445 594 6237
3442 598 6238
3439 605 6239
3433 614 6241
3431 617 6242
3428 623 6243
3422 634 6245
3418 641 6247
3415 645 6248
3412 651 6249
3406 658 6251
3404 663 6252
3402 667 6253
3397 676 6255
3392 684 6257
3389 688 6258
3387 692 6259
3381 700 6261
3379 705 6262
3375 709 6263
3370 717 6265
3365 723 6267
3363 727 6268
3360 731 6269
3357 735 6270
3355 738 6271
3353 740 6272
3346 746 6274
3340 751 6276
3336 754 6277
3332 756 6278
3322 759 6280
3317 761 6281
3314 762 6282
3308 763 6283
3293 764 6286
3287 764 6287
3280 763 6288
3271 762 6290
3265 760 6291
3259 760 6292
3252 758 6293
3237 754 6296
3230 750 6297
3222 748 6298
3213 745 6300
3204 742 6301
3196 739 6302
3189 737 6303
3175 732 6306
3164 727 6307
3156 726 6308
3145 722 6310
3135 719 6311
3128 716 6312
3119 713 6313
3107 708 6316
3096 703 6317
3088 700 6318
3079 696 6320
3069 691 6321
3062 688 6322
3055 685 6323
3045 680 6325
3028 671 6327
3016 666 6329
3008 661 6331
3003 658 6332
3000 655 6333
2990 652 6334
2976 644 6336
2966 638 6338
2961 635 6339
2955 631 6340
2948 628 6341
2943 625 6342
2935 621 6343
2921 614 6345
2910 609 6347
2904 606 6348
2897 603 6349
2891 600 6350
2886 597 6351
2877 593 6352
2854 584 6355
2841 580 6357
2834 578 6358
2826 575 6359
2818 573 6360
2811 571 6361
2803 567 6362
2778 561 6365
2760 559 6367
2751 557 6368
2743 556 6369
2734 555 6370
2725 554 6371
2714 552 6372
2635 548 6375
2638 548 6377
2636 548 6378
2635 548 6379
2635 548 6380
2635 548 6381
2635 548 6382
2634 548 6385
2634 549 6387
2635 549 6388
2524 553 6389
2503 553 6394
2483 553 6396
2464 554 6398
2453 553 6399
2443 553 6400
2433 553 6401
2423 553 6402
2404 553 6404
2384 553 6406
2367 553 6408
2355 553 6409
2345 553 6410
2335 553 6411
2324 553 6412
2288 544 6414
2271 541 6415
2266 541 6417
2262 541 6418
2259 542 6419
2256 542 6420
2049 559 6421
2036 558 6442
2015 557 6444
1990 556 6446
1974 555 6448
1965 554 6449
1954 553 6450
1946 553 6451
1934 552 6452
1913 551 6454
1888 550 6456
1870 548 6458
1860 547 6459
1850 546 6460
1842 546 6461
1830 545 6462
1809 544 6464
1788 543 6466
1770 541 6468
1760 541 6469
1750 541 6470
1739 540 6471
1729 539 6472
1711 538 6474
1688 537 6476
1669 536 6478
1661 536 6479
1652 536 6480
1643 536 6481
1633 535 6482
1614 534 6484
1595 534 6486
1584 534 6487
1576 533 6488
1566 532 6489
1556 532 6490
1547 531 6491
1529 531 6493
1510 531 6495
1501 531 6496
1491 531 6497
1474 530 6499
1464 530 6500
1456 530 6501
1439 530 6503
1422 529 6505
1413 529 6506
1402 512 6507
1397 506 6509
1395 505 6510
1399 494 6511
1258 559 6513
1254 562 6536
1251 564 6537
1247 566 6539
1244 569 6540
1241 572 6541
1237 576 6543
1234 580 6545
1233 583 6546
1230 589 6547
1230 593 6550
1229 595 6551
1228 597 6552
1227 602 6553
1226 606 6555
1226 608 6556
1225 612 6557
1225 616 6559
1225 619 6560
1224 621 6561
1223 627 6562
1221 632 6564
1220 634 6565
1219 637 6566
1216 645 6568
1214 650 6570
1212 653 6571
1208 657 6572
1204 663 6574
1202 666 6575
1198 669 6576
1196 689 6578
1211 745 6580
1208 755 6581
1208 756 6582
1208 756 6584
1208 755 6585
1208 755 6586
1208 755 6588
1208 755 6590
1207 756 6591
940 808 6592
937 809 6642
933 810 6643
930 812 6644
924 813 6645
917 816 6647
909 818 6650
901 821 6651
897 822 6652
893 824 6653
889 825 6654
885 826 6655
870 831 6657
863 834 6661
858 835 6662
854 836 6663
851 837 6664
848 839 6665
843 840 6666
832 843 6668
824 845 6671
820 846 6672
816 847 6673
813 849 6674
810 850 6675
805 851 6676
798 853 6678
789 855 6680
783 857 6682
779 858 6683
775 858 6684
772 859 6685
768 861 6686
762 863 6688
757 864 6689
747 867 6692
744 867 6693
740 869 6694
736 869 6695
733 870 6696
729 871 6697
725 872 6698
715 875 6701
711 875 6702
708 876 6703
705 877 6704
701 878 6705
697 879 6706
694 880 6707
685 882 6710
676 883 6712
673 884 6713
672 884 6714
668 884 6715
665 885 6716
661 885 6717
651 886 6720
644 887 6722
640 887 6723
635 888 6724
632 889 6725
630 888 6726
626 888 6727
615 889 6730
609 889 6732
606 888 6733
601 888 6734
599 888 6735
595 888 6736
592 887 6737
581 886 6740
576 886 6742
572 885 6743
568 885 6744
565 885 6745
561 884 6746
557 884 6747
549 882 6749
541 880 6752
536 879 6753
533 878 6754
528 877 6755
524 877 6756
521 876 6757
513 874 6759
507 872 6761
503 871 6762
498 871 6763
494 869 6765
488 867 6766
484 866 6767
475 864 6768
469 862 6771
466 861 6772
461 859 6773
455 857 6775
452 856 6776
447 855 6777
441 853 6779
438 851 6780
433 850 6781
426 848 6783
420 846 6785
416 845 6786
411 844 6787
405 842 6789
400 840 6790
396 839 6791
388 837 6793
381 834 6795
378 833 6796
372 832 6797
365 830 6799
361 829 6800
359 828 6801
349 825 6803
342 824 6805
337 822 6806
332 821 6807
325 818 6809
321 817 6810
317 816 6811
309 814 6813
301 812 6815
296 810 6816
293 809 6817
285 806 6819
280 805 6820
277 804 6821
267 801 6823
262 801 6825
256 799 6826
253 797 6827
244 795 6829
240 794 6830
234 793 6831
227 790 6833
222 790 6834
214 786 6836
209 785 6837
202 783 6839
197 781 6840
192 780 6841
188 779 6842
183 777 6843
175 775 6845
169 774 6846
162 771 6848
157 769 6849
152 768 6850
148 767 6851
140 765 6853
131 762 6855
124 760 6856
116 757 6858
110 756 6859
107 755 6860
102 753 6861
94 751 6863
86 749 6865
78 746 6866
71 744 6868
65 743 6869
61 742 6870
54 740 6871
46 737 6873
39 736 6875
30 733 6876
26 731 6878
24 729 6879
24 727 6880
24 726 6882
25 723 6884
2251 86 6886
2249 91 7562
2244 99 7563
2235 111 7565
2226 124 7567
2222 134 7569
2218 139 7570
2215 145 7571
2213 149 7572
2209 155 7573
2205 165 7575
2200 175 7577
2197 183 7579
2196 187 7580
2192 191 7581
2192 194 7582
2191 199 7583
2190 208 7585
2188 215 7587
2188 223 7589
2187 226 7590
2188 230 7591
2187 234 7592
2187 237 7593
2187 245 7595
2186 251 7597
2186 257 7599
2186 261 7600
2186 264 7601
2185 268 7602
2185 271 7603
2183 277 7605
2182 284 7607
2179 291 7609
2178 294 7610
2178 299 7611
2184 321 7612
2185 326 7613
2184 330 7615
2184 333 7617
2169 400 7619
2169 405 7642
2169 411 7644
2168 416 7645
2168 423 7647
2169 429 7649
2169 435 7650
2168 438 7651
2169 443 7652
2170 451 7654
2169 456 7656
2168 465 7658
2168 471 7660
2168 474 7661
2169 477 7662
2169 482 7663
2169 487 7665
2169 493 7666
2169 501 7668
2169 507 7670
2169 511 7671
2168 513 7672
2169 520 7673
2169 525 7675
2169 530 7676
2170 537 7678
2170 544 7680
2170 548 7681
2170 551 7682
2170 555 7683
2170 562 7685
2170 566 7686
2171 574 7688
2171 581 7690
2170 585 7691
2170 588 7692
2170 592 7693
2171 599 7695
2171 602 7696
2171 610 7698
2171 614 7699
2171 618 7700
2170 626 7702
2170 630 7703
2170 634 7704
2169 638 7705
2169 646 7707
2169 650 7708
2169 652 7709
2169 660 7711
2169 665 7712
2169 668 7713
2169 676 7715
2169 682 7717
2169 686 7718
2169 689 7719
2169 696 7721
2168 700 7722
2168 704 7723
2169 711 7725
2169 717 7727
2168 722 7728
2162 747 7729
2161 754 7731
2161 756 7732
2161 757 7733
2161 760 7735
2161 763 7737
2162 766 7738
2161 767 7739
2161 770 7741
2162 774 7742
2161 776 7743
2161 780 7745
2161 783 7747
2161 786 7748
2161 788 7749
2160 791 7751
2160 794 7752
2160 796 7753
2160 798 7755
2160 883 7757
2161 887 7771
2161 889 7772
2161 896 7773
2161 901 7775
2161 907 7776
2161 912 7778
2161 918 7779
2162 925 7781
2162 928 7782
2162 932 7783
2162 935 7784
2162 941 7785
2162 949 7788
2162 956 7789
2163 963 7791
2163 966 7792
2163 970 7793
2163 974 7794
2164 980 7795
2164 990 7798
2165 995 7799
2164 1001 7801
2164 1005 7802
2164 1010 7803
2164 1014 7804
2164 1018 7805
2164 1029 7808
2164 1033 7809
2164 1041 7811
2164 1044 7812
2164 1048 7813
2164 1052 7814
2164 1056 7815
2163 1068 7818
2163 1070 7819
2163 1078 7821
2163 1082 7822
2162 1086 7823
2162 1090 7824
2162 1093 7825
2162 1101 7827
2162 1109 7829
2160 1125 7831
2159 1128 7832
2159 1131 7833
2159 1133 7834
2159 1135 7835
2159 1139 7837
2159 1144 7839
2159 1149 7841
2159 1152 7842
2159 1154 7843
2160 1157 7844
2160 1159 7845
2162 1173 7846
2162 1182 7848
2161 1189 7850
2161 1193 7851
2161 1196 7852
2161 1199 7853
2160 1201 7854
2159 1203 7855
2157 1207 7857
2154 1208 7859
2152 1209 7861
2150 1210 7862
2149 1210 7863
2147 1210 7864
2144 1210 7865
2139 1210 7867
2133 1210 7869
2128 1210 7871
2122 1210 7872
2119 1210 7873
2115 1210 7874
2105 1211 7875
2095 1212 7878
2083 1213 7880
2074 1215 7882
2068 1216 7883
2061 1217 7884
2055 1218 7885
2045 1220 7886
2033 1221 7888
2018 1223 7890
2006 1225 7892
1996 1225 7893
1988 1226 7894
1981 1227 7895
1971 1229 7896
1954 1231 7898
1934 1234 7900
1918 1236 7902
1908 1238 7903
1898 1240 7904
1889 1241 7905
1877 1242 7906
1857 1245 7908
1833 1247 7910
1812 1250 7912
1801 1250 7913
1789 1252 7914
1777 1253 7915
1767 1254 7916
1754 1255 7917
1727 1257 7919
1705 1259 7921
1692 1260 7922
1681 1260 7923
1668 1261 7924
1655 1262 7925
1643 1262 7926
1619 1264 7928
1596 1265 7930
1585 1266 7931
1572 1266 7932
1550 1267 7934
1539 1268 7935
1527 1269 7936
1504 1270 7938
1483 1271 7940
1472 1272 7941
1460 1273 7942
1439 1273 7944
1428 1274 7945
1416 1275 7946
1396 1276 7948
1378 1276 7950
1366 1277 7951
1355 1278 7952
1337 1278 7954
1326 1279 7955
1315 1279 7956
1296 1279 7958
1280 1279 7960
1267 1279 7961
1256 1279 7962
1242 1279 7964
1230 1278 7965
1219 1278 7966
1201 1277 7968
1186 1277 7970
1174 1276 7971
1163 1276 7972
1150 1274 7974
1138 1273 7975
1128 1272 7976
1113 1270 7978
1101 1268 7980
1090 1266 7981
1080 1265 7982
1070 1263 7984
1056 1260 7985
1045 1256 7987
1036 1253 7989
1031 1251 7990
1022 1248 7991
1014 1244 7993
1009 1241 7994
1003 1239 7995
996 1236 7996
988 1230 7998
984 1227 7999
976 1220 8000
966 1213 8002
962 1210 8003
956 1204 8004
943 1192 8006
936 1183 8008
933 1179 8009
926 1172 8010
920 1162 8012
917 1158 8013
913 1151 8014
906 1140 8016
901 1130 8018
900 1126 8019
899 1119 8020
895 1109 8022
895 1104 8023
895 1099 8024
894 1088 8026
894 1079 8028
894 1074 8029
894 1068 8030
896 1059 8032
897 1053 8033
898 1049 8034
901 1040 8036
903 1029 8038
904 1024 8039
904 1020 8040
905 1010 8042
906 1005 8043
907 1000 8044
909 990 8046
910 981 8048
912 976 8049
913 971 8050
914 962 8052
914 957 8053
916 952 8054
917 943 8056
919 935 8058
919 929 8059
920 924 8060
921 919 8061
922 911 8063
923 906 8064
923 900 8065
923 893 8067
924 887 8068
926 882 8069
927 876 8070
927 868 8072
928 862 8073
929 856 8074
930 845 8077
931 837 8078
931 833 8079
932 827 8080
932 820 8082
933 813 8083
934 808 8084
936 799 8087
937 791 8088
938 786 8089
939 781 8090
940 774 8092
940 767 8093
942 754 8094
944 744 8098
944 739 8099
945 735 8100
945 728 8101
946 720 8103
946 717 8104
947 708 8105
949 698 8108
949 693 8109
949 689 8110
951 682 8111
951 675 8113
950 671 8114
953 666 8115
954 654 8117
956 646 8119
956 642 8120
957 636 8121
957 628 8123
957 624 8124
957 617 8125
960 608 8127
961 600 8129
962 596 8130
962 591 8131
963 587 8132
964 582 8133
964 577 8134
967 568 8136
967 560 8138
967 551 8140
969 546 8141
968 541 8142
968 537 8143
970 532 8144
971 528 8145
972 519 8147
974 505 8150
974 501 8151
974 498 8152
975 493 8153
976 488 8154
976 484 8155
977 475 8157
979 463 8160
980 457 8161
980 453 8162
981 448 8163
981 444 8164
983 440 8165
984 431 8167
985 419 8170
987 413 8171
986 408 8172
986 404 8173
987 400 8174
987 395 8175
989 386 8177
990 375 8180
991 369 8181
991 364 8182
992 360 8183
993 356 8184
994 350 8185
994 342 8187
995 332 8190
997 324 8191
998 320 8192
999 316 8193
1000 311 8194
1000 306 8195
1000 298 8197
1001 288 8199
1003 282 8201
1004 275 8202
1004 271 8203
1005 267 8204
1006 262 8205
1009 254 8206
1009 244 8209
1011 237 8211
1011 233 8212
1011 229 8213
1013 224 8214
1013 220 8215
1013 215 8216
1015 207 8218
1017 197 8220
1017 190 8222
1018 185 8223
1019 181 8224
1019 179 8225
1020 174 8226
1020 167 8228
1020 160 8230
1022 155 8232
1022 152 8233
1022 150 8234
1021 148 8235
1021 145 8236
1020 143 8238
1019 142 8240
1018 141 8242
1017 140 8243
1016 140 8244
1015 141 8245
1014 141 8246
1012 143 8248
1007 145 8250
1003 148 8252
1000 150 8253
998 150 8254
996 152 8255
993 153 8256
985 156 8258
979 160 8260
971 162 8262
966 164 8263
962 166 8264
958 167 8265
952 169 8266
940 172 8268
929 175 8270
917 178 8272
909 179 8273
902 180 8274
896 181 8275
889 181 8276
881 182 8277
866 183 8279
850 184 8281
840 184 8282
831 185 8283
824 185 8284
815 185 8285
806 185 8286
790 183 8288
775 182 8290
765 182 8291
754 180 8292
740 178 8294
728 176 8295
719 175 8296
702 171 8298
686 168 8300
674 165 8301
664 163 8302
650 159 8304
637 156 8305
626 153 8306
609 148 8308
594 143 8310
581 138 8311
569 133 8312
557 129 8314
542 123 8315
524 116 8316
501 106 8319
487 99 8321
479 96 8322
465 89 8323
451 81 8325
443 78 8326
432 73 8327
412 61 8329
397 53 8331
390 48 8332
376 40 8333
361 31 8335
354 27 8336
345 24 8337
327 24 8339
313 24 8341
306 24 8342
307 24 8343
1816 55 8345
1816 59 8655
1817 64 8656
1816 73 8658
1816 79 8660
1816 83 8661
1815 86 8662
1815 92 8663
1815 98 8665
1815 103 8666
1814 112 8668
1814 119 8670
1815 123 8671
1815 126 8672
1815 132 8673
1815 138 8675
1814 142 8676
1814 151 8678
1814 158 8680
1814 161 8681
1814 165 8682
1814 170 8683
1814 177 8685
1814 181 8686
1813 190 8688
1812 197 8690
1812 201 8691
1812 205 8692
1813 208 8693
1812 217 8695
1811 220 8696
1811 229 8698
1811 232 8699
1810 236 8700
1810 240 8701
1810 244 8702
1810 252 8704
1810 256 8705
1809 264 8707
1809 267 8708
1808 275 8710
1807 279 8711
1807 283 8712
1807 287 8713
1807 292 8714
1805 299 8716
1805 308 8718
1804 315 8720
1803 319 8721
1803 323 8722
1803 328 8723
1802 331 8724
1801 340 8726
1799 347 8728
1797 354 8730
1798 358 8731
1798 362 8732
1797 366 8733
1797 371 8734
1796 377 8736
1795 385 8738
1794 392 8740
1794 398 8741
1794 401 8742
1794 406 8743
1793 410 8744
1792 418 8746
1792 426 8748
1791 432 8750
1790 437 8751
1790 441 8752
1790 445 8753
1790 451 8754
1789 458 8756
1788 470 8758
1788 476 8761
1788 481 8762
1788 485 8763
1788 488 8764
1789 492 8765
1789 502 8767
1789 508 8769
1788 511 8770
1788 515 8771
1788 518 8772
1788 520 8773
1787 522 8774
1787 528 8776
1787 530 8778
1787 530 8779
1786 530 8780
1786 529 8781
1785 529 8782
1785 528 8783
1785 524 8785
1785 520 8788
1785 518 8789
1785 516 8790
1785 513 8791
1784 511 8792
1784 508 8793
1783 501 8795
1782 493 8798
1780 489 8799
1780 485 8800
1779 481 8801
1778 477 8802
1776 473 8803
1774 465 8805
1773 450 8808
1770 448 8809
1768 443 8810
1768 439 8811
1769 428 8812
1768 423 8813
1766 411 8815
1764 398 8817
1761 385 8819
1758 378 8820
1757 371 8821
1755 363 8822
1753 355 8823
1748 340 8825
1744 324 8827
1739 309 8829
1737 300 8830
1734 292 8831
1730 284 8832
1728 274 8833
1722 260 8835
1715 250 8836
1710 235 8838
1703 224 8839
1695 211 8841
1689 202 8842
1683 194 8843
1675 183 8845
1669 174 8846
1663 169 8847
1656 161 8848
1646 153 8850
1636 148 8851
1629 142 8852
1620 135 8854
1610 128 8855
1599 124 8857
1587 118 8858
1577 115 8860
1566 112 8861
1556 109 8862
1545 108 8864
1531 105 8865
1521 105 8867
1505 103 8868
1480 103 8870
1473 102 8872
1458 104 8873
1446 104 8875
1429 105 8876
1415 108 8878
1397 109 8879
1381 112 8881
1374 114 8882
1358 116 8883
1343 120 8885
1327 125 8886
1310 129 8888
1294 134 8889
1275 140 8891
1266 143 8892
1250 150 8893
1233 156 8895
1218 163 8896
1200 170 8898
1185 177 8899
1165 186 8901
1155 190 8902
1141 197 8903
1123 206 8905
1110 214 8906
1091 224 8908
1077 231 8909
1056 243 8911
1045 250 8912
1034 256 8913
1025 263 8914
1014 271 8915
993 284 8917
983 291 8918
960 306 8920
937 321 8922
927 327 8923
916 335 8924
906 341 8925
896 348 8926
886 355 8927
856 376 8930
837 389 8932
826 395 8933
818 402 8934
808 408 8935
798 415 8936
790 422 8937
762 439 8940
745 451 8942
735 459 8943
726 464 8944
716 470 8945
708 476 8946
698 482 8947
675 498 8950
659 509 8952
648 515 8953
640 521 8954
631 526 8955
622 531 8956
611 537 8957
590 550 8960
574 559 8962
562 566 8963
554 570 8964
545 575 8965
536 580 8966
525 585 8967
504 596 8970
489 603 8972
477 609 8973
469 613 8974
461 616 8975
453 620 8976
443 625 8977
421 635 8979
401 645 8982
388 650 8984
380 654 8985
372 657 8986
365 660 8987
359 663 8988
349 667 8989
332 675 8991
319 680 8993
312 683 8994
305 686 8995
297 689 8996
291 692 8997
284 695 8998
263 703 9000
246 710 9003
240 713 9004
233 715 9005
226 718 9006
221 721 9007
214 724 9008
199 730 9010
183 736 9013
178 739 9014
172 741 9015
166 744 9016
161 746 9017
155 749 9018
143 754 9020
127 761 9023
123 763 9024
118 766 9025
113 769 9026
107 770 9027
102 773 9028
92 778 9030
78 784 9033
74 786 9034
70 788 9035
67 790 9036
64 792 9037
60 794 9038
55 798 9040
51 803 9042
48 807 9044
47 810 9045
46 813 9046
46 815 9047
46 818 9048
46 822 9050
47 828 9052
48 831 9053
50 833 9054
53 838 9056
56 841 9057
58 843 9058
61 846 9059
67 850 9061
71 854 9062
74 857 9063
80 861 9065
86 865 9066
90 868 9067
95 871 9068
102 875 9070
110 879 9071
120 884 9073
129 888 9075
137 891 9076
143 894 9077
150 898 9078
160 901 9080
169 905 9081
182 909 9083
193 913 9085
203 916 9086
210 919 9087
219 921 9088
228 924 9090
247 929 9091
266 934 9094
278 937 9096
286 939 9097
292 941 9098
305 943 9099
316 946 9101
327 948 9102
345 953 9104
359 955 9106
367 956 9107
374 957 9108
386 959 9109
400 962 9111
409 963 9112
429 965 9114
444 968 9116
453 969 9117
461 970 9118
468 971 9119
478 972 9120
498 974 9122
513 975 9124
522 977 9125
533 977 9126
549 978 9128
558 979 9129
567 980 9130
578 980 9131
595 981 9133
604 982 9134
615 982 9135
632 983 9137
641 983 9138
651 984 9139
661 984 9140
680 984 9142
691 985 9143
709 985 9145
729 986 9147
739 987 9148
749 987 9149
759 987 9150
778 988 9152
790 988 9153
810 988 9155
828 989 9157
839 989 9158
849 989 9159
860 990 9160
878 990 9162
889 990 9163
910 990 9165
927 990 9167
939 990 9168
948 990 9169
958 990 9170
974 989 9172
986 989 9173
1003 987 9175
1019 986 9177
1032 986 9178
1042 985 9179
1054 980 9180
1067 978 9182
1081 980 9183
1097 979 9185
1116 970 9187
1128 963 9188
1132 959 9189
1139 959 9190
1153 964 9192
1168 966 9193
1178 964 9195
1186 962 9196
1201 964 9197
1218 966 9198
1228 965 9199
1246 962 9201
1260 960 9203
1288 957 9205
1315 955 9206
1321 954 9207
1323 953 9208
1328 951 9209
1337 950 9211
2318 789 9212
2338 785 9303
2360 780 9304
2383 775 9307
2408 769 9308
2421 766 9309
2434 763 9310
2467 756 9311
2483 752 9314
2511 745 9315
2538 738 9318
2552 735 9319
2565 732 9320
2575 730 9321
2598 725 9322
2618 720 9324
2633 716 9325
2664 707 9327
2686 701 9329
2701 698 9330
2712 696 9331
2731 691 9332
2752 686 9334
2772 681 9335
2793 676 9337
2812 672 9338
2836 666 9340
2850 662 9341
2863 659 9342
2877 655 9343
2891 652 9344
2921 644 9346
2946 638 9348
2960 635 9349
2973 631 9350
2987 628 9351
2999 624 9352
3014 620 9353
3044 612 9355
3083 602 9358
3097 598 9359
3110 593 9360
3123 590 9361
3137 586 9362
3151 582 9363
3180 574 9365
3218 563 9368
3233 559 9369
3246 556 9370
3260 552 9371
3274 548 9372
3288 545 9373
3316 537 9375
3353 526 9378
3367 521 9379
3380 518 9380
3391 513 9381
3404 510 9382
3417 507 9383
3438 502 9385
3465 496 9388
3479 492 9389
3488 491 9390
3498 490 9391
3507 487 9392
3516 487 9393
3531 484 9395
3547 482 9398
3557 480 9399
3562 480 9400
3568 480 9401
3572 481 9402
3576 481 9403
3583 481 9405
3589 482 9407
3593 485 9409
3594 488 9410
3595 489 9411
3596 491 9412
3596 494 9413
3596 497 9415
3595 500 9416
3594 503 9418
3592 508 9419
3591 512 9420
3588 515 9421
3581 524 9422
3577 528 9425
3572 534 9426
3562 544 9428
3555 550 9430
3550 554 9431
3547 558 9432
3540 565 9433
3531 572 9435
3524 578 9436
3511 589 9438
3501 597 9440
3495 602 9441
3489 606 9442
3479 615 9443
3469 622 9445
3462 629 9446
3447 641 9448
3435 651 9450
3427 656 9451
3421 661 9452
3413 669 9453
3401 679 9455
3394 685 9456
3380 697 9458
3370 707 9460
3364 712 9461
3359 717 9462
3351 723 9463
3341 733 9465
3337 739 9466
3328 750 9468
3319 760 9470
3314 765 9471
3310 770 9472
3306 776 9473
3298 785 9475
3294 789 9476
3289 798 9478
3284 808 9480
3282 813 9481
3279 818 9482
3277 823 9483
3275 828 9484
3271 837 9486
3270 843 9487
3267 852 9489
3266 857 9490
3264 861 9491
3264 869 9493
3263 874 9494
3263 878 9495
3261 884 9496
3260 891 9498
3260 897 9499
3260 902 9500
3260 909 9502
3260 913 9503
3260 920 9505
3260 926 9506
3261 932 9508
3262 937 9509
3263 942 9510
3263 948 9512
3265 954 9513
3267 960 9515
3268 967 9516
3270 972 9518
3272 977 9519
3272 983 9520
3274 988 9522
3277 994 9523
3278 998 9525
3279 1004 9526
3279 1008 9528
3280 1014 9529
3281 1018 9530
3282 1022 9532
3282 1032 9533
3283 1036 9536
3283 1041 9537
3284 1046 9539
3284 1049 9540
3284 1054 9541
3285 1058 9543
3285 1063 9544
3285 1067 9546
3285 1072 9547
3284 1077 9549
3283 1079 9550
3282 1083 9551
3282 1088 9553
3281 1093 9554
3281 1098 9556
3282 1101 9557
3281 1104 9558
3281 1106 9559
3280 1110 9560
3279 1114 9562
3279 1118 9563
3279 1122 9565
3278 1125 9566
3276 1130 9568
3276 1133 9569
3275 1136 9570
3273 1138 9571
3272 1140 9572
3269 1146 9575
3268 1147 9576
3266 1151 9578
3265 1152 9579
3264 1154 9580
3260 1157 9581
3259 1158 9582
3255 1162 9585
3254 1163 9586
3248 1167 9588
3248 1167 9589
3246 1168 9590
3244 1169 9591
3243 1170 9592
3237 1173 9595
3235 1175 9596
3232 1176 9598
3230 1177 9599
3228 1178 9600
3226 1179 9601
3225 1179 9602
3219 1180 9605
3216 1181 9606
3212 1181 9608
3210 1181 9609
3208 1182 9610
3206 1182 9611
3203 1182 9612
3197 1182 9615
3194 1182 9616
3190 1182 9618
3186 1181 9619
3184 1181 9620
3181 1181 9621
3178 1180 9622
3172 1179 9625
3168 1179 9626
3165 1178 9627
3159 1177 9629
3157 1177 9630
3031 1141 9631
3024 1138 9664
3020 1137 9665
3008 1132 9667
2998 1130 9669
2992 1129 9670
2986 1126 9671
2979 1125 9672
2971 1121 9674
2964 1118 9675
2951 1114 9677
2940 1111 9679
2934 1109 9680
2929 1107 9681
2922 1105 9682
2909 1102 9684
2903 1100 9685
2889 1098 9687
2876 1095 9689
2868 1094 9690
2862 1094 9691
2854 1093 9692
2839 1091 9694
2832 1091 9695
2817 1089 9697
2802 1089 9699
2795 1089 9700
2786 1089 9701
2778 1089 9702
2761 1089 9704
2753 1089 9705
2745 1089 9706
2728 1089 9708
2720 1090 9709
2712 1090 9710
2697 1091 9712
2687 1092 9713
2679 1092 9714
2670 1093 9715
2654 1095 9717
2642 1096 9718
2626 1097 9720
2611 1099 9722
2601 1100 9723
2591 1101 9724
2581 1102 9725
2568 1105 9727
2556 1106 9728
2538 1109 9730
2523 1111 9732
2511 1113 9733
2504 1114 9734
2494 1117 9735
2479 1119 9737
2467 1122 9738
2452 1125 9740
2437 1128 9742
2424 1131 9743
2416 1133 9744
2405 1136 9745
2393 1139 9747
2368 1137 9748
2356 1140 9750
2346 1142 9752
2336 1144 9753
2325 1146 9754
2313 1148 9756
2301 1153 9758
2281 1160 9759
2259 1164 9761
2245 1166 9763
2236 1167 9764
2226 1169 9765
2217 1171 9766
2211 1172 9767
2199 1174 9768
2179 1177 9770
2160 1180 9772
2144 1192 9774
2137 1214 9775
2134 1215 9776
2132 1215 9777
2130 1217 9778
2129 1221 9780
2135 1228 9782
1896 1214 9783
1888 1214 9805
1881 1215 9806
1872 1216 9807
1857 1217 9809
1841 1218 9811
1825 1220 9813
1818 1221 9814
1810 1221 9815
1803 1222 9816
1795 1222 9817
1779 1223 9819
1764 1225 9821
1750 1226 9823
1742 1227 9824
1734 1228 9825
1727 1228 9826
1718 1229 9827
1703 1230 9829
1688 1231 9831
1676 1232 9833
1666 1233 9834
1658 1233 9835
1651 1234 9836
1642 1234 9837
1628 1234 9839
1614 1235 9841
1601 1236 9843
1592 1237 9844
1585 1238 9845
1577 1238 9846
1568 1238 9847
1558 1239 9849
1547 1240 9850
1538 1240 9852
1525 1242 9853
1515 1243 9855
1505 1243 9856
1497 1243 9857
1490 1243 9858
1482 1244 9859
1473 1245 9861
1447 1246 9862
1434 1246 9866
1427 1246 9867
1419 1246 9868
1414 1246 9869
1402 1246 9870
1393 1247 9872
1379 1247 9873
1364 1248 9876
1357 1249 9877
1350 1249 9878
1345 1249 9879
1335 1249 9880
1325 1249 9882
1313 1249 9883
1297 1248 9886
1290 1248 9887
1283 1248 9888
1277 1249 9889
1266 1249 9890
1256 1248 9892
1243 1247 9893
1224 1247 9896
1215 1246 9897
1207 1246 9898
1201 1245 9899
1194 1244 9900
1180 1243 9902
1169 1242 9903
1147 1241 9906
1137 1239 9907
1130 1239 9908
1121 1238 9909
1112 1237 9910
1096 1236 9912
1087 1234 9913
1062 1233 9916
1045 1242 9917
1037 1244 9918
1030 1247 9919
1027 1247 9920
1022 1245 9921
1015 1243 9922
1025 1265 9925
1025 1267 9926
1024 1267 9928
1025 1267 9929
1026 1268 9930
1026 1268 9931
753 1196 9932
741 1193 9952
721 1190 9955
705 1189 9956
692 1187 9958
680 1186 9959
670 1185 9960
661 1184 9961
650 1182 9962
633 1180 9965
614 1178 9966
603 1176 9968
590 1175 9969
581 1173 9970
572 1173 9971
560 1171 9972
530 1167 9975
515 1166 9977
503 1165 9979
494 1164 9980
486 1163 9981
481 1162 9982
467 1161 9983
456 1160 9985
445 1159 9986
435 1158 9988
425 1158 9989
414 1158 9991
408 1158 9992
402 1158 9993
397 1158 9994
388 1158 9995
380 1158 9997
372 1158 9998
363 1159 10000
358 1159 10001
354 1160 10002
351 1161 10003
344 1161 10004
333 1162 10007
329 1164 10008
323 1165 10010
318 1165 10011
316 1166 10012
312 1167 10013
308 1168 10014
298 1171 10017
295 1172 10018
287 1173 10020
282 1175 10021
278 1176 10022
272 1177 10023
267 1178 10024
252 1180 10027
247 1181 10028
235 1182 10030
228 1182 10031
223 1183 10032
218 1184 10033
209 1185 10034
190 1185 10037
182 1186 10038
170 1187 10040
161 1187 10041
154 1188 10042
148 1188 10043
141 1188 10044
128 1189 10046
114 1189 10048
102 1189 10050
93 1190 10051
86 1190 10052
69 1177 10053
63 1174 10054
56 1175 10056
50 1175 10058
46 1175 10059
43 1175 10060
50 1162 10062
54 1158 10063
54 1158 10064
54 1158 10065
1203 1176 10067
1204 1172 10729
1206 1166 10730
1208 1156 10732
1211 1148 10733
1213 1141 10734
1216 1129 10736
1218 1119 10738
1221 1109 10739
1224 1102 10740
1226 1094 10742
1229 1085 10743
1231 1078 10744
1235 1068 10746
1240 1060 10748
1245 1049 10749
1249 1042 10751
1253 1036 10753
1255 1034 10754
1259 1029 10755
1266 1022 10757
1272 1018 10759
1274 1016 10760
1279 1012 10761
1285 1009 10763
1287 1008 10764
1293 1006 10765
1301 1004 10767
1307 1004 10769
1310 1003 10770
1316 1003 10771
1323 1004 10773
1326 1004 10774
1331 1005 10775
1339 1007 10777
1345 1009 10779
1349 1011 10780
1353 1012 10781
1356 1013 10782
1360 1014 10783
1365 1017 10784
1372 1019 10786
1379 1022 10788
1383 1023 10789
1387 1025 10790
1394 1028 10792
1397 1030 10793
1402 1031 10794
1409 1034 10796
1416 1037 10798
1419 1038 10799
1423 1040 10800
1431 1043 10802
1435 1045 10803
1438 1046 10804
1446 1048 10806
1453 1051 10808
1458 1053 10809
1463 1054 10810
1469 1057 10812
1473 1058 10813
1475 1060 10814
1483 1063 10816
1490 1065 10818
1493 1067 10819
1497 1068 10820
1503 1071 10822
1508 1073 10823
1511 1074 10824
1519 1077 10826
1524 1080 10828
1529 1081 10829
1532 1082 10830
1538 1085 10832
1542 1086 10833
1545 1087 10834
1552 1090 10836
1558 1093 10838
1563 1095 10839
1567 1096 10840
1571 1098 10842
1575 1101 10843
1579 1102 10844
1585 1105 10846
1591 1107 10848
1595 1110 10849
1600 1111 10850
1604 1113 10852
1609 1114 10853
1613 1115 10854
1618 1116 10856
1624 1117 10857
1627 1116 10858
1635 1115 10859
1639 1113 10862
1641 1111 10863
1646 1109 10864
1654 1104 10866
1659 1101 10868
1661 1099 10869
1665 1096 10870
1670 1092 10872
1672 1090 10873
1676 1087 10874
1682 1082 10876
1686 1078 10878
1689 1075 10879
1690 1056 10880
1691 1018 10882
1692 1018 10883
1692 1019 10884
1697 1026 10886
1698 1025 10888
1699 1024 10889
1701 1023 10890
1704 1022 10892
1704 1021 10893
1704 1020 10894
1702 1018 10896
1693 1017 10898
1692 1017 10899
1690 1018 10900
1690 1018 10902
1691 1018 10903
1691 1018 10904
2024 1043 10906
2030 1046 10972
2034 1048 10973
2037 1050 10974
2047 1055 10975
2056 1059 10978
2059 1061 10979
2066 1064 10980
2073 1067 10982
2076 1070 10983
2079 1072 10984
2087 1075 10985
2094 1080 10988
2096 1082 10989
2102 1085 10990
2107 1088 10992
2110 1090 10993
2113 1093 10994
2118 1095 10995
2122 1098 10997
2125 1101 10998
2127 1103 10999
2131 1107 11001
2133 1108 11002
2135 1110 11003
2137 1111 11004
2140 1112 11006
2143 1111 11008
2144 1110 11009
2146 1107 11011
2147 1105 11012
2147 1102 11013
2149 1099 11014
2151 1093 11016
2152 1086 11018
2153 1082 11019
2155 1075 11021
2155 1070 11022
2157 1067 11023
2158 1063 11024
2161 1056 11026
2164 1048 11028
2167 1044 11029
2168 1035 11031
2168 1031 11032
2169 1026 11033
2171 1010 11034
2172 1002 11036
2170 994 11038
2169 991 11039
2166 984 11041
2160 981 11042
2158 977 11043
2157 971 11044
2145 962 11046
2128 952 11048
2121 944 11049
2110 934 11051
2100 926 11052
2091 920 11053
2082 912 11054
2058 909 11056
2041 892 11058
2025 880 11059
2005 869 11061
1986 859 11062
1971 852 11063
1951 844 11064
1926 832 11066
1897 819 11067
1870 807 11069
1841 795 11070
1820 787 11071
1797 778 11072
1768 767 11073
1730 755 11075
1678 748 11076
1645 749 11078
1605 753 11079
1586 779 11080
1586 778 11082
1550 759 11084
1257 614 11086
1217 603 11090
1184 596 11091
1131 585 11092
1024 561 11094
957 546 11096
888 531 11097
807 515 11099
758 505 11100
717 497 11101
660 486 11102
548 463 11104
468 448 11106
397 434 11107
307 415 11109
258 405 11110
214 397 11111
159 388 11112
72 370 11114
72 367 11116
72 367 11117
72 368 11119
248 1345 11120
257 1350 11264
272 1357 11266
283 1361 11267
291 1365 11268
306 1373 11270
318 1380 11272
327 1385 11273
333 1390 11274
344 1396 11276
699 1195 11277
700 1191 11398
699 1187 11399
699 1182 11400
699 1176 11401
698 1167 11404
697 1158 11405
697 1151 11407
696 1144 11408
695 1139 11409
694 1134 11410
693 1124 11411
692 1113 11414
691 1100 11416
690 1092 11418
688 1086 11419
688 1081 11420
687 1076 11421
686 1070 11422
685 1058 11424
682 1045 11426
680 1035 11428
679 1029 11429
679 1023 11430
677 1016 11431
676 1012 11432
675 1005 11433
673 990 11435
670 978 11437
669 972 11438
668 966 11439
666 959 11440
665 953 11441
662 945 11442
660 929 11444
659 916 11446
657 909 11447
655 902 11448
652 896 11449
651 887 11450
648 873 11452
644 857 11454
641 843 11456
638 835 11457
636 827 11458
635 818 11459
633 811 11460
629 796 11462
626 781 11464
620 766 11466
619 759 11467
617 752 11468
615 745 11469
612 740 11470
609 727 11472
605 716 11474
600 705 11476
597 700 11477
595 696 11478
593 691 11479
590 687 11480
584 679 11482
578 671 11484
572 665 11486
569 662 11487
566 658 11488
563 655 11489
560 652 11490
553 646 11492
547 642 11494
541 638 11496
536 635 11497
533 634 11498
530 632 11499
527 630 11500
522 629 11501
516 625 11503
508 622 11505
501 619 11507
496 616 11508
493 614 11509
489 612 11510
484 610 11511
479 608 11513
472 605 11514
467 602 11516
461 599 11517
457 597 11518
451 595 11519
443 591 11521
432 586 11523
424 583 11525
418 580 11527
414 578 11528
410 576 11529
405 574 11530
395 569 11532
390 566 11534
383 563 11535
377 560 11537
374 559 11538
371 557 11539
366 555 11540
357 550 11542
352 547 11544
347 545 11545
341 542 11547
338 540 11548
335 538 11549
332 535 11550
326 532 11552
322 528 11554
320 526 11555
316 523 11557
315 521 11558
314 519 11559
313 518 11560
312 515 11562
311 511 11564
311 509 11565
311 506 11567
311 504 11568
312 502 11569
312 499 11570
314 496 11572
317 492 11574
320 491 11575
323 487 11577
327 486 11578
327 484 11579
332 483 11580
334 480 11581
342 477 11583
347 477 11584
357 474 11586
362 472 11587
368 471 11588
379 469 11590
386 468 11591
393 466 11592
407 464 11594
423 463 11596
431 462 11597
440 461 11598
453 459 11600
464 458 11601
474 457 11602
490 455 11604
507 453 11606
518 451 11607
529 450 11608
544 447 11610
556 445 11611
566 444 11612
585 441 11614
601 438 11616
613 435 11617
625 434 11618
639 430 11620
652 428 11621
664 426 11622
681 422 11624
696 418 11626
711 415 11627
723 412 11628
737 409 11630
753 406 11631
775 403 11632
803 397 11635
821 394 11637
829 392 11638
851 389 11639
870 386 11641
879 384 11642
895 381 11643
926 376 11645
945 372 11647
956 370 11648
977 367 11649
999 362 11651
1012 360 11652
1024 358 11653
1044 354 11654
1067 350 11656
1079 348 11657
1099 344 11658
1124 340 11660
1138 338 11661
1151 335 11662
1168 332 11663
1201 327 11665
1228 323 11667
1248 321 11668
1278 317 11670
1295 314 11671
1309 312 11672
1327 310 11673
1362 306 11675
1393 302 11677
1414 300 11678
1447 296 11680
1465 295 11681
1483 293 11682
1501 291 11683
1540 288 11685
1578 285 11687
1596 285 11688
1634 282 11690
1655 281 11691
1674 280 11692
1694 280 11693
1734 279 11695
1773 280 11697
1796 282 11698
1833 286 11700
1855 288 11701
1875 292 11702
1896 295 11703
1936 303 11705
1970 313 11707
1995 318 11708
2025 330 11710
2046 338 11711
2064 346 11712
2082 354 11713
2109 367 11715
2132 380 11716
2157 395 11718
2176 408 11719
2191 419 11720
2205 430 11721
2222 444 11722
2250 470 11725
2271 491 11726
2283 505 11727
2294 518 11728
2304 531 11729
2315 545 11730
2328 560 11731
2347 583 11734
2365 604 11735
2375 617 11736
2387 631 11738
2400 644 11739
2409 654 11740
2421 666 11741
2456 693 11744
2464 698 11746
2482 712 11747
2498 724 11749
2508 731 11750
2516 737 11751
2538 754 11752
2561 772 11755
2569 778 11756
2585 793 11757
2603 809 11759
2614 819 11760
2623 827 11761
2642 844 11762
2669 869 11765
2679 877 11766
2695 891 11767
2715 908 11769
2725 918 11770
2734 924 11771
2752 940 11772
2779 962 11775
2787 969 11776
2798 978 11777
2812 990 11779
2820 995 11780
2825 1000 11781
2831 1005 11782
2839 1012 11784
2845 1017 11786
2848 1018 11787
2851 1020 11789
2852 1020 11790
2853 1019 11791
2853 1018 11792
2854 1017 11793
2857 1015 11795
2857 1014 11796
2860 1011 11798
2862 1009 11800
2864 1007 11801
2865 1006 11802
2869 1004 11803
2870 1003 11804
2873 1001 11805
2881 997 11807
2893 993 11809
2897 991 11811
2899 990 11812
2901 988 11813
2903 988 11814
2904 986 11815
2907 985 11817
2909 983 11819
2914 983 11821
2915 983 11822
2918 983 11823
2920 983 11824
2927 985 11825
2933 987 11827
2935 986 11829
2938 986 11831
2939 986 11832
2940 986 11833
2941 985 11834
2941 984 11835
2941 984 11837
2943 912 11839
2944 907 11852
2945 903 11853
2946 900 11854
2948 891 11855
2948 882 11858
2948 871 11860
2948 864 11862
2947 859 11863
2947 853 11864
2946 848 11865
2946 844 11866
2945 837 11867
2943 824 11869
2941 813 11871
2939 807 11872
2937 802 11873
2936 795 11874
2935 789 11875
2932 782 11876
2928 767 11878
2923 754 11880
2920 748 11881
2917 739 11882
2913 726 11884
2909 721 11885
2906 714 11886
2899 701 11888
2892 692 11890
2889 687 11891
2885 680 11892
2879 672 11894
2875 668 11895
2872 664 11896
2864 657 11898
2858 651 11900
2853 648 11901
2849 646 11902
2842 643 11904
2838 641 11905
2834 639 11906
2827 639 11908
2820 639 11910
2817 639 11911
2814 639 11912
2807 641 11914
2804 642 11915
2799 643 11916
2792 646 11918
2786 648 11920
2783 650 11921
2778 651 11922
2772 653 11924
2769 654 11925
2766 654 11926
2758 655 11928
2752 655 11930
2748 655 11931
2745 655 11932
2741 654 11934
2736 654 11935
2732 653 11936
2729 652 11937
2724 650 11939
2720 648 11940
2715 647 11941
2710 644 11943
2708 642 11944
2705 640 11945
2702 638 11946
2698 635 11948
2694 631 11949
2691 627 11951
2689 624 11952
2688 622 11953
2686 620 11954
2684 616 11955
2680 611 11957
2676 605 11959
2674 600 11961
2672 594 11962
2670 590 11963
2668 587 11964
2666 580 11965
2662 571 11968
2657 561 11970
2654 555 11972
2653 550 11973
2651 545 11974
2650 542 11975
2647 537 11976
2644 527 11978
2638 518 11980
2634 511 11982
2632 506 11983
2630 502 11984
2627 498 11985
2625 494 11986
2620 486 11988
2615 478 11990
2610 472 11992
2608 469 11993
2605 465 11994
2602 463 11995
2600 460 11996
2594 454 11998
2588 451 12000
2582 449 12002
2580 447 12003
2576 447 12004
2574 447 12005
2569 447 12006
2563 448 12008
2556 452 12010
2548 456 12012
2544 459 12013
2540 463 12014
2535 468 12015
2531 472 12016
2522 481 12018
2517 487 12019
2510 497 12021
2505 504 12022
2500 510 12023
2495 516 12024
2491 523 12025
2480 537 12027
2476 544 12028
2467 557 12030
2464 565 12031
2455 579 12033
2448 588 12034
2445 596 12035
2435 610 12037
2431 620 12038
2423 635 12040
2417 647 12041
2410 663 12043
2404 675 12044
2399 686 12045
2392 703 12047
2386 717 12048
2377 734 12050
2370 749 12051
2364 766 12053
2358 779 12054
2351 793 12055
2344 809 12057
2338 826 12058
2331 842 12060
2323 859 12061
2317 876 12063
2311 892 12064
2306 905 12065
2300 921 12067
2293 940 12068
2287 955 12070
2280 975 12071
2275 991 12073
2268 1009 12074
2259 1039 12075
2254 1053 12078
2247 1074 12079
2243 1089 12081
2237 1109 12082
2232 1128 12084
2228 1140 12085
2226 1150 12086
2222 1164 12087
2214 1191 12089
2210 1207 12091
2206 1225 12092
2201 1245 12094
2199 1257 12095
2195 1269 12096
2191 1279 12097
2187 1292 12098
2183 1307 12100
2182 1329 12101
2166 1350 12103
2162 1356 12104
2162 1361 12105
2159 1366 12106
2010 931 12108
2010 920 12326
2010 915 12327
2009 907 12328
2008 898 12330
2008 892 12331
2008 884 12333
2007 877 12334
2007 870 12336
2007 866 12337
2007 862 12338
2007 856 12340
2007 852 12341
2006 847 12343
2006 844 12344
2005 840 12346
2005 838 12347
2005 836 12348
2004 835 12350
2003 833 12351
2002 833 12353
2001 833 12354
1999 833 12356
1997 833 12357
1996 833 12358
1992 833 12360
1990 833 12361
1984 834 12363
1980 835 12364
1973 836 12366
1968 837 12367
1964 837 12368
1956 839 12370
1949 840 12371
1939 842 12373
1932 843 12374
1893 833 12376
1885 832 12377
1882 833 12378
1873 833 12380
1868 832 12381
1866 832 12382
1458 837 12383
1434 836 12418
1410 836 12420
1395 836 12421
1384 835 12422
1371 834 12423
1371 834 12426
1371 834 12427
1371 834 12428
1371 834 12430
1371 834 12431
1357 833 12432
1168 827 12433
1154 827 12437
1136 826 12438
1109 825 12440
1094 825 12441
1082 824 12442
1065 823 12443
1034 822 12445
1010 822 12447
991 821 12448
963 820 12450
950 820 12451
936 819 12452
919 818 12453
893 817 12455
876 816 12456
849 815 12458
836 815 12459
821 814 12460
806 813 12461
793 813 12462
765 812 12464
750 811 12465
723 810 12467
695 809 12469
680 808 12470
667 808 12471
652 808 12472
626 805 12474
610 805 12475
584 803 12477
560 801 12479
544 800 12480
532 799 12481
518 798 12482
497 795 12484
482 794 12485
459 791 12487
440 788 12489
425 787 12490
415 786 12491
404 784 12492
389 782 12494
376 781 12495
359 779 12497
346 776 12499
335 775 12500
327 774 12501
319 772 12502
309 770 12504
300 769 12505
287 766 12507
278 764 12509
270 762 12510
264 760 12511
258 758 12512
251 756 12514
243 754 12515
215 730 12517
198 710 12520
201 714 12521
202 717 12522
202 718 12523
201 717 12524
200 716 12525
198 716 12527
197 715 12529
197 714 12530
196 714 12531
196 714 12532
195 713 12533
195 711 12535
194 710 12536
193 709 12538
192 708 12539
192 707 12540
192 706 12542
192 706 12543
191 704 12545
177 617 12546
180 614 12566
181 605 12568
183 601 12569
185 597 12570
189 588 12572
189 584 12573
193 575 12575
194 570 12576
198 560 12578
199 554 12579
201 550 12580
204 539 12582
207 534 12583
209 524 12585
211 517 12586
213 507 12588
215 501 12589
217 495 12590
221 485 12592
224 477 12593
229 468 12595
232 460 12596
237 450 12598
242 443 12599
247 436 12600
255 427 12602
261 420 12603
267 414 12604
274 408 12605
285 401 12607
294 393 12608
302 387 12609
314 379 12611
325 372 12612
334 366 12613
345 360 12614
363 351 12616
380 342 12618
397 333 12619
413 325 12621
431 318 12622
444 314 12623
460 307 12624
485 299 12626
524 288 12628
551 281 12630
575 275 12632
592 271 12633
604 268 12634
625 265 12635
666 257 12637
690 254 12639
719 251 12640
748 249 12642
766 247 12643
782 245 12644
804 244 12645
850 242 12647
880 241 12649
910 240 12650
945 240 12652
965 240 12653
983 239 12654
1006 239 12655
1052 240 12657
1087 241 12659
1114 241 12660
1153 242 12662
1174 242 12663
1193 241 12664
1216 241 12665
1263 242 12667
1303 241 12669
1323 241 12670
1348 240 12671
1388 240 12673
1408 240 12674
1430 241 12675
1454 241 12676
1494 241 12678
1517 242 12679
1559 243 12681
1579 245 12682
1598 245 12683
1641 246 12685
1662 247 12686
1683 248 12687
1723 250 12689
1743 251 12690
1762 252 12691
1783 253 12692
1834 259 12695
1855 261 12696
1873 264 12697
1905 269 12699
1924 272 12700
1940 276 12701
1956 279 12702
1994 288 12705
2014 294 12706
2028 299 12707
2050 306 12709
2066 312 12710
2079 317 12711
2092 323 12712
2119 335 12715
2135 344 12716
2146 350 12717
2160 359 12719
2173 367 12720
2181 372 12721
2192 380 12722
2206 392 12725
2219 403 12726
2226 410 12727
2235 419 12729
2244 429 12730
2250 435 12731
2257 443 12732
2266 455 12735
2276 468 12736
2281 477 12737
2295 497 12739
2300 504 12741
2304 509 12742
2311 519 12743
2326 536 12745
2334 546 12747
2345 556 12748
2357 566 12750
2365 573 12751
2373 579 12752
2380 583 12753
2393 592 12754
2406 600 12756
2423 610 12757
2447 624 12760
2456 629 12761
2466 635 12762
2476 641 12763
2485 647 12764
2493 651 12765
2509 661 12766
2534 676 12769
2543 681 12770
2556 688 12771
2573 698 12773
2583 703 12774
2592 708 12775
2605 715 12776
2630 728 12779
2639 734 12780
2649 739 12781
2665 748 12783
2677 752 12784
2686 758 12785
2695 763 12786
2720 776 12789
2730 781 12790
2738 785 12791
2755 793 12793
2763 798 12794
2772 802 12795
2779 806 12796
2806 820 12799
2815 824 12800
2824 828 12801
2839 836 12803
2848 841 12804
2855 844 12805
2863 848 12806
2883 860 12809
2892 865 12810
2900 869 12811
2911 876 12813
2919 882 12814
2925 885 12815
2933 890 12816
2948 900 12819
2958 906 12820
2964 910 12821
2971 914 12822
2982 920 12824
2992 925 12825
3000 929 12826
3012 935 12828
3025 941 12830
3034 946 12831
3042 949 12832
3050 953 12833
3063 960 12835
3074 965 12836
3080 968 12837
3086 972 12839
3095 976 12840
3101 980 12842
3108 985 12843
3111 988 12845
3115 994 12846
3118 999 12847
3123 1005 12849
3126 1014 12851
3130 1022 12853
3132 1028 12854
3132 1033 12856
3132 1036 12857
3131 1043 12858
3130 1049 12860
3128 1053 12861
3126 1058 12863
3123 1062 12864
3120 1068 12866
3118 1070 12867
3114 1075 12868
3110 1080 12870
3107 1085 12871
3102 1090 12873
3099 1095 12874
3093 1100 12876
3091 1103 12877
3088 1107 12878
3081 1113 12880
3079 1117 12881
3074 1122 12883
3073 1125 12884
3069 1130 12886
3066 1133 12887
3064 1136 12888
3060 1141 12890
3057 1144 12891
3051 1150 12893
3048 1153 12894
3042 1157 12896
3040 1159 12897
3037 1161 12898
3031 1166 12900
3029 1168 12901
2964 1199 12903
2960 1201 12922
2955 1202 12923
2949 1204 12925
2943 1205 12926
2936 1207 12928
2929 1208 12930
2924 1209 12931
2920 1210 12932
2916 1211 12933
2909 1211 12935
2902 1212 12936
2894 1213 12938
2885 1213 12940
2878 1214 12941
2873 1214 12942
2868 1214 12943
2860 1214 12945
2851 1214 12946
2841 1214 12948
2831 1214 12950
2823 1214 12951
2817 1213 12952
2810 1213 12953
2801 1213 12955
2792 1213 12956
2781 1212 12958
2763 1210 12960
2757 1210 12962
2752 1209 12963
2741 1208 12964
2733 1207 12966
2727 1206 12967
2712 1204 12969
2701 1202 12971
2695 1201 12972
2691 1200 12973
2681 1198 12974
2671 1197 12976
2661 1195 12977
2652 1192 12979
2646 1191 12980
2639 1189 12981
2634 1188 12982
2625 1187 12983
2616 1184 12985
2606 1182 12986
2596 1179 12988
2588 1178 12989
2581 1176 12990
2574 1174 12991
2564 1172 12992
2547 1167 12995
2537 1165 12996
2524 1161 12998
2516 1159 12999
2508 1157 13000
2501 1154 13001
2491 1152 13002
2467 1144 13005
2457 1143 13006
2440 1139 13008
2431 1136 13009
2421 1134 13010
2411 1132 13011
2402 1130 13012
2373 1126 13015
2363 1126 13016
2342 1123 13018
2333 1121 13019
2321 1119 13020
2309 1118 13021
2298 1116 13022
2267 1114 13025
2254 1113 13026
2235 1111 13028
2221 1111 13029
2210 1110 13030
2199 1109 13031
2186 1107 13032
2158 1102 13035
2142 1100 13036
2122 1096 13038
2108 1092 13039
2098 1088 13040
2087 1084 13041
2075 1080 13042
2054 1073 13044
2033 1064 13046
2013 1055 13048
1999 1048 13049
1988 1043 13050
1976 1039 13051
1963 1033 13052
1946 1024 13054
1929 1016 13055
1912 1009 13057
1896 1002 13058
1885 997 13059
1873 993 13060
1859 987 13061
1843 982 13063
1823 975 13064
1803 967 13066
1785 961 13068
1768 955 13069
1756 950 13070
1699 940 13071
1657 935 13074
1657 935 13075
1657 934 13077
1652 933 13079
1643 935 13080
1634 933 13081
1534 867 13082
1525 863 13091
1511 857 13092
1495 851 13094
1484 847 13095
1466 834 13097
1466 818 13099
1463 816 13100
1462 815 13101
1481 811 13102
1481 811 13104
1475 809 13105
1327 780 13107
1314 775 13112
1298 767 13114
1288 762 13115
1268 754 13117
1250 746 13119
1242 742 13120
1232 737 13121
1223 733 13122
1213 729 13123
1205 725 13124
1188 717 13126
1170 708 13128
1162 704 13129
1145 696 13131
1137 692 13132
1129 688 13133
1121 684 13134
1113 679 13135
1099 671 13137
1091 667 13138
1079 659 13140
1071 654 13141
1065 649 13142
1059 644 13143
1048 636 13145
1038 628 13147
1032 623 13148
1024 615 13150
1019 610 13151
1015 605 13152
1011 601 13153
1004 592 13155
1000 585 13157
995 579 13158
991 572 13160
988 566 13161
985 562 13162
984 557 13163
980 548 13165
978 541 13167
976 535 13168
974 529 13170
972 522 13171
971 518 13172
970 513 13173
969 505 13175
969 498 13177
968 491 13178
968 485 13180
966 475 13181
964 471 13183
964 467 13184
966 461 13186
966 457 13188
968 452 13189
968 449 13191
968 446 13192
969 444 13193
969 443 13194
969 440 13196
969 438 13198
969 437 13199
971 436 13201
971 435 13202
972 434 13203
974 431 13204
974 430 13205
975 429 13207
977 429 13208
978 429 13210
982 423 13211
989 415 13212
992 413 13213
994 411 13214
997 408 13216
1001 406 13217
1008 402 13220
1010 399 13221
1012 397 13222
1015 395 13223
1017 392 13224
1023 388 13226
1026 387 13227
1036 380 13230
1039 377 13231
1042 373 13232
1046 371 13233
1050 369 13234
1056 363 13236
1060 362 13237
1073 353 13240
1077 350 13241
1081 347 13242
1086 344 13243
1091 341 13244
1101 336 13246
1105 332 13247
1115 326 13249
1125 319 13251
1132 316 13252
1137 312 13253
1142 309 13254
1152 303 13256
1160 298 13257
1170 290 13259
1181 284 13261
1189 279 13262
1196 276 13263
1202 271 13264
1213 265 13266
1222 259 13267
1234 251 13269
1244 244 13271
1253 239 13272
1260 234 13273
1267 230 13274
1278 224 13276
1287 218 13277
1294 214 13278
1304 208 13280
1314 202 13281
1321 198 13282
1329 194 13283
1338 189 13285
1349 183 13286
1357 178 13287
1367 173 13289
1379 168 13290
1392 161 13291
1412 153 13294
1424 148 13296
1430 146 13297
1443 142 13298
1455 137 13300
1462 134 13301
1473 131 13302
1493 125 13304
1508 121 13306
1516 119 13307
1531 116 13308
1547 114 13310
1555 113 13311
1567 111 13312
1590 108 13314
1607 105 13316
1616 104 13317
1631 102 13318
1650 99 13320
1660 98 13321
1672 97 13322
1696 95 13324
1717 94 13326
1727 94 13327
1741 93 13328
1762 93 13330
1773 93 13331
1786 93 13332
1811 94 13334
1834 97 13336
1844 98 13337
1859 100 13338
1882 103 13340
1895 105 13341
1905 107 13342
1931 110 13344
1943 113 13345
1966 119 13347
1979 122 13348
1992 126 13349
2017 131 13351
2029 137 13352
2052 143 13354
2065 147 13355
2078 151 13356
2089 155 13357
2102 159 13358
2125 167 13360
2140 173 13361
2161 181 13363
2175 187 13364
2186 193 13365
2197 198 13366
2210 204 13367
2238 219 13370
2255 228 13371
2274 238 13373
2289 245 13374
2300 252 13375
2311 258 13376
2324 264 13377
2349 278 13380
2367 288 13381
2382 299 13383
2394 307 13384
2407 307 13385
2420 309 13386
2434 314 13387
2454 321 13390
2474 328 13391
2489 332 13393
2503 336 13394
2513 339 13395
2524 341 13396
2537 343 13397
2553 348 13400
2583 355 13401
2596 359 13404
2605 361 13405
2613 362 13406
2620 364 13407
2631 367 13408
2645 369 13410
2662 373 13412
2673 376 13414
2680 378 13415
2687 380 13416
2693 382 13417
2700 385 13418
2713 390 13420
2722 395 13422
2731 398 13423
2739 403 13425
2745 406 13426
2750 408 13427
2755 411 13428
2761 415 13429
2768 420 13431
2773 423 13432
2779 428 13434
2783 430 13435
2787 433 13436
2790 436 13437
2793 438 13438
2799 443 13440
2801 445 13441
2806 452 13444
2808 455 13445
2809 457 13446
2810 459 13447
2810 461 13448
2811 464 13450
2810 466 13451
2808 472 13454
2807 473 13455
2805 474 13456
2804 476 13457
2803 476 13458
2799 478 13460
2797 479 13461
2787 478 13464
2783 478 13465
2779 476 13466
2776 475 13467
2773 473 13468
2764 469 13470
2760 466 13471
2748 458 13474
2743 453 13475
2738 450 13476
2734 447 13477
2729 443 13478
2721 436 13480
2715 431 13481
2707 423 13483
2700 416 13485
2695 412 13486
2690 407 13487
2685 402 13488
2679 394 13490
2672 388 13491
2665 379 13493
2658 371 13495
2652 364 13496
2647 360 13497
2643 355 13498
2638 349 13499
2632 343 13500
2623 334 13503
2615 325 13504
2609 320 13505
2604 315 13506
2598 309 13507
2592 302 13509
2583 293 13510
2576 286 13512
2563 273 13513
2558 267 13515
2553 262 13516
2547 255 13517
2535 244 13519
2522 230 13521
2512 221 13523
2507 215 13524
2502 210 13525
2498 205 13526
2491 199 13527
2480 189 13529
2469 180 13531
2462 174 13533
2456 171 13534
2451 170 13535
2448 167 13536
2442 164 13537
2434 162 13539
2425 158 13541
2418 156 13543
2414 156 13544
2410 155 13545
2406 155 13546
2404 155 13547
2397 156 13549
2392 157 13551
2388 159 13553
2386 160 13554
2385 162 13555
2383 164 13556
2381 165 13557
2378 171 13559
2377 176 13561
2377 181 13563
2377 186 13564
2376 189 13565
2376 193 13566
2378 196 13567
2378 202 13569
2380 210 13571
2382 214 13572
2383 218 13573
2386 227 13575
2388 232 13576
2390 238 13577
2392 248 13579
2397 255 13580
2400 258 13581
2402 264 13582
2406 274 13584
2408 281 13585
2415 291 13587
2419 298 13588
2423 304 13589
2426 310 13590
2429 317 13591
2436 327 13593
2441 336 13594
2452 351 13597
2458 362 13598
2462 369 13599
2468 376 13600
2473 384 13601
2481 393 13603
2488 403 13604
2498 415 13607
2504 425 13608
2508 431 13609
2512 436 13610
2517 442 13611
2520 449 13613
2525 458 13614
2529 467 13617
2533 477 13618
2535 483 13619
2536 488 13620
2538 494 13621
2541 505 13623
2543 515 13625
2545 525 13628
2545 530 13629
2545 534 13630
2545 537 13631
2545 544 13632
2544 550 13634
2543 555 13635
2542 565 13637
2541 572 13639
2539 576 13640
2538 579 13641
2537 586 13642
2534 593 13644
2533 598 13645
2530 608 13647
2528 616 13649
2527 621 13650
2526 624 13651
2525 631 13652
2523 638 13654
2521 642 13655
2520 648 13656
2518 656 13658
2518 661 13659
2517 665 13660
2516 671 13661
2515 678 13663
2515 682 13664
2515 687 13665
2514 695 13667
2514 699 13668
2514 703 13669
2515 712 13671
2515 720 13673
2515 724 13674
2516 729 13675
2517 737 13677
2518 742 13678
2518 745 13679
2518 755 13681
2520 765 13683
2521 771 13684
2520 775 13685
2520 785 13687
2521 791 13688
2521 795 13689
2521 806 13691
2521 816 13693
2521 822 13694
2522 827 13695
2523 837 13697
2523 843 13698
2523 848 13699
2524 857 13701
2524 866 13703
2525 872 13704
2526 878 13705
2526 887 13707
2526 892 13708
2527 898 13709
2528 907 13711
2529 915 13713
2529 921 13714
2529 927 13715
2529 932 13716
2530 940 13718
2531 948 13719
2533 955 13721
2534 962 13722
2535 969 13724
2536 976 13725
2537 980 13726
2536 984 13727
2536 989 13728
2537 993 13730
2537 998 13731
2536 1000 13733
2535 1003 13734
2534 1004 13736
2533 1005 13738
2532 1006 13739
2530 1006 13740
2528 1005 13741
2526 1005 13743
2525 1006 13744
2521 1005 13745
2517 1005 13748
2515 1004 13749
2513 1004 13750
2507 1004 13751
2502 1004 13753
2499 1004 13754
2492 1004 13755
2483 1004 13758
2479 1003 13759
2475 1003 13760
2468 1003 13761
2458 1003 13763
2454 1003 13764
2445 1003 13765
2429 1003 13768
2422 1004 13769
2416 1004 13770
2408 1004 13771
2395 1004 13773
2388 1004 13774
2379 1004 13775
2360 1004 13778
2352 1004 13779
2345 1004 13780
2337 1004 13781
2324 1005 13783
2316 1005 13784
2310 1005 13785
2296 1005 13787
2284 1005 13789
2279 1005 13790
2271 1004 13791
2259 1004 13793
2253 1004 13794
2246 1004 13795
2234 1005 13797
2228 1004 13798
2218 1004 13800
2210 1004 13801
2199 1003 13803
2192 1003 13804
2186 1003 13805
2181 1002 13806
2170 1002 13808
2163 1002 13809
2156 1002 13810
2141 1000 13813
2131 1000 13814
2126 999 13815
2118 999 13816
2111 998 13817
2102 997 13819
2092 996 13820
2079 995 13823
2069 995 13824
2063 994 13825
2058 994 13826
2051 994 13827
2042 994 13829
2032 994 13830
2019 992 13833
2007 991 13834
2001 991 13835
1995 990 13836
1988 989 13837
1979 987 13839
1967 985 13840
1954 982 13843
1933 978 13844
1925 977 13846
1918 975 13847
1903 963 13848
1892 949 13850
1886 948 13851
1875 946 13853
1879 937 13855
1892 928 13856
1892 928 13857
1893 928 13858
1893 928 13860
1893 928 13861
1884 927 13863
1548 902 13865
1537 899 13878
1525 896 13879
1516 892 13880
1504 889 13881
1479 881 13883
1448 874 13885
1436 870 13886
1421 866 13887
1408 861 13888
1395 857 13889
1383 852 13890
1353 842 13892
1315 828 13895
1301 822 13896
1287 817 13897
1273 812 13898
1260 806 13899
1247 802 13900
1220 790 13902
1181 773 13905
1165 767 13906
1152 761 13907
1139 754 13908
1125 748 13909
1110 741 13910
1083 728 13912
1045 710 13915
1028 702 13916
1014 695 13917
1000 688 13918
984 680 13919
970 674 13920
941 660 13922
905 642 13925
885 631 13926
870 623 13927
856 616 13928
842 609 13929
826 600 13930
797 586 13932
768 570 13934
743 557 13936
724 546 13937
708 537 13938
694 528 13939
676 519 13940
649 504 13942
617 487 13944
592 473 13946
570 460 13947
554 451 13948
538 443 13949
522 434 13950
502 422 13951
474 405 13953
415 371 13955
390 356 13958
375 347 13959
357 337 13960
339 327 13961
325 318 13962
304 305 13963
263 280 13965
238 264 13967
211 246 13968
184 228 13970
166 216 13971
152 206 13972
131 193 13973
93 166 13975
67 147 13977
51 129 13978
48 108 13980
48 98 13981
52 91 13982
2372 63 13983
2403 66 14113
2434 73 14114
2492 90 14116
2520 97 14117
2548 105 14118
2600 121 14120
2650 141 14122
2672 150 14123
2694 161 14124
2734 181 14126
2753 194 14127
2772 204 14128
2807 225 14130
2836 246 14132
2853 257 14133
2867 270 14134
2888 288 14136
2902 300 14137
2914 312 14138
2932 333 14140
2946 353 14142
2956 366 14143
2964 379 14144
2975 398 14146
2983 412 14147
2989 425 14148
2998 446 14150
3005 467 14152
3010 482 14153
3015 496 14154
3022 512 14156
3028 528 14157
3034 541 14158
3043 561 14160
3053 578 14162
3061 591 14163
3068 603 14164
3078 617 14166
3088 630 14167
3095 642 14168
3109 658 14170
3119 671 14172
3129 684 14173
3134 693 14174
3139 701 14175
3149 716 14176
3156 726 14178
3166 746 14180
3171 756 14182
3177 769 14183
3181 782 14185
3183 790 14186
3185 798 14187
3186 804 14188
3187 816 14189
3187 828 14191
3186 836 14192
3184 853 14194
3181 866 14196
3179 872 14197
3177 878 14198
3173 888 14199
3167 899 14201
3161 906 14202
3151 921 14204
3141 933 14206
3136 941 14207
3130 948 14208
3122 955 14209
3111 967 14211
3105 975 14212
3092 988 14214
3080 1000 14216
3075 1005 14217
3068 1011 14218
3062 1018 14219
3051 1029 14221
3045 1034 14222
3034 1045 14224
3019 1055 14226
3016 1060 14227
3010 1064 14228
3005 1069 14229
2996 1077 14231
2993 1080 14232
2983 1088 14234
2973 1093 14236
2967 1097 14237
2962 1100 14238
2954 1108 14239
2939 1120 14241
2932 1124 14242
2918 1130 14244
2905 1137 14246
2897 1140 14247
2891 1143 14248
2882 1146 14249
2876 1149 14250
2867 1152 14251
2851 1158 14253
2836 1162 14255
2827 1165 14256
2817 1167 14257
2803 1170 14259
2793 1173 14260
2785 1175 14261
2774 1177 14262
2760 1180 14264
2748 1183 14265
2738 1185 14266
2722 1189 14268
2706 1191 14270
2693 1193 14271
2681 1194 14272
2666 1197 14274
2651 1199 14275
2640 1201 14276
2620 1203 14278
2604 1205 14280
2588 1206 14281
2574 1207 14282
2559 1209 14284
2543 1210 14285
2520 1212 14286
2490 1213 14289
2472 1214 14291
2463 1215 14292
2443 1216 14293
2423 1217 14295
2414 1217 14296
2398 1217 14297
2368 1217 14299
2348 1217 14301
2335 1218 14302
2315 1218 14303
2293 1218 14305
2280 1219 14306
2266 1219 14307
2235 1220 14309
2209 1221 14311
2196 1222 14312
2175 1223 14313
2149 1223 14315
2137 1223 14316
2120 1223 14317
2088 1224 14319
2061 1224 14321
2049 1224 14322
2031 1224 14323
2004 1224 14325
1990 1224 14326
1977 1225 14327
1958 1224 14328
1924 1218 14330
1914 1218 14331
1901 1217 14332
1879 1216 14334
1868 1215 14335
1857 1214 14336
1846 1213 14337
1805 1219 14339
1792 1218 14340
1778 1217 14341
1750 1214 14343
1735 1211 14344
1709 1206 14346
1694 1203 14347
1668 1195 14349
1654 1191 14350
1640 1187 14351
1615 1179 14353
1600 1175 14354
1576 1168 14356
1560 1164 14357
1538 1158 14359
1522 1154 14360
1509 1150 14361
1486 1145 14363
1468 1143 14364
1446 1140 14366
1429 1138 14367
1408 1137 14369
1392 1136 14370
1376 1136 14371
1356 1136 14373
1338 1137 14374
1319 1137 14376
1300 1137 14377
1280 1137 14379
1263 1137 14380
1248 1136 14381
1230 1134 14383
1212 1132 14384
1195 1130 14386
1174 1128 14387
1158 1126 14389
1142 1125 14390
1127 1124 14391
1112 1124 14393
1092 1123 14394
1077 1123 14396
1041 1125 14397
1023 1126 14400
1014 1127 14401
994 1128 14402
979 1130 14404
961 1131 14405
943 1133 14407
932 1134 14408
921 1135 14409
913 1137 14410
896 1139 14411
881 1141 14413
868 1144 14414
851 1146 14416
842 1147 14417
835 1149 14418
828 1149 14419
813 1151 14420
794 1157 14423
783 1158 14424
770 1162 14426
762 1164 14427
753 1165 14428
748 1167 14429
736 1169 14430
716 1174 14433
707 1176 14434
689 1179 14436
681 1180 14437
673 1182 14438
665 1183 14439
656 1185 14440
633 1189 14443
625 1190 14444
608 1193 14446
600 1195 14447
591 1196 14448
582 1197 14449
577 1199 14450
550 1201 14453
540 1202 14454
523 1204 14456
515 1205 14457
506 1206 14458
497 1208 14459
488 1209 14460
472 1211 14462
455 1212 14464
439 1214 14466
430 1215 14467
422 1216 14468
414 1217 14469
405 1218 14470
390 1220 14472
373 1223 14474
360 1224 14476
350 1225 14477
342 1226 14478
334 1227 14479
326 1227 14480
314 1230 14482
304 1231 14483
291 1232 14485
281 1233 14486
272 1234 14487
267 1234 14488
260 1236 14489
249 1237 14491
239 1238 14492
227 1240 14494
212 1239 14496
199 1239 14497
192 1240 14498
184 1241 14499
175 1242 14501
162 1243 14502
150 1244 14504
135 1248 14506
119 1254 14507
107 1257 14508
88 1259 14510
71 1260 14512
65 1260 14513
53 1261 14515
48 1261 14517
48 1262 14518
48 1263 14519
48 1263 14520
48 1264 14522
51 1262 14523
3367 332 14525
3365 334 14842
3364 337 14844
3361 339 14845
3359 342 14847
3358 343 14848
3356 346 14849
3354 349 14851
3352 351 14852
3350 354 14854
3349 357 14855
3347 359 14857
3346 360 14858
3345 362 14859
3344 364 14860
3343 366 14861
3340 369 14863
3338 371 14864
3336 374 14866
3335 375 14867
3334 377 14868
3334 379 14869
3333 380 14870
3330 383 14872
3329 385 14873
3327 388 14875
3326 390 14876
3324 391 14877
3322 395 14879
3321 396 14880
3318 399 14882
3317 401 14883
3315 404 14885
3313 406 14886
3312 407 14887
3310 411 14889
3309 412 14890
3307 415 14892
3305 417 14893
3303 419 14895
3303 421 14896
3301 422 14897
3299 425 14899
3298 427 14900
3296 430 14902
3295 431 14903
3292 435 14905
3291 436 14906
3290 437 14907
3288 441 14909
3287 442 14910
3285 445 14912
3283 446 14913
3281 449 14915
3280 451 14916
3279 453 14917
3277 455 14919
3276 457 14920
3274 460 14922
3273 461 14923
3270 464 14925
3269 466 14926
3268 467 14927
3266 470 14929
3265 472 14930
3263 474 14932
3262 476 14933
3261 478 14934
3259 479 14935
3258 481 14937
3256 483 14939
3255 485 14940
3253 487 14941
3253 489 14942
3251 490 14943
3250 492 14945
3249 495 14946
3247 497 14948
3245 498 14949
3244 501 14950
3242 502 14952
3240 505 14953
3238 508 14956
3237 510 14957
3235 512 14959
3235 513 14960
3234 514 14961
3232 516 14962
3230 518 14963
3228 522 14966
3227 523 14967
3225 525 14969
3224 527 14970
3223 528 14971
3222 529 14972
3221 531 14973
3219 535 14976
3218 536 14977
3216 539 14979
3215 540 14980
3214 541 14981
3213 543 14982
3212 544 14983
3209 548 14986
3208 549 14987
3206 552 14989
3205 553 14990
3204 554 14991
3203 555 14992
3202 557 14993
3200 561 14996
3198 562 14997
3197 564 14999
3196 566 15000
3195 567 15001
3194 569 15002
3193 569 15003
3192 571 15005
3190 574 15007
3189 575 15008
3187 577 15010
3186 579 15011
3185 580 15012
3184 581 15013
3183 582 15014
3182 585 15016
3181 586 15017
3179 588 15019
3178 589 15020
3177 591 15021
3176 592 15022
3175 594 15023
3174 596 15025
3173 597 15026
3171 600 15028
3170 601 15029
3169 603 15031
3168 604 15032
3167 605 15033
3165 608 15035
3164 609 15036
3163 611 15038
3161 613 15039
3160 615 15041
3158 616 15042
3158 617 15043
3157 619 15045
3155 620 15046
3154 622 15048
3153 624 15049
3151 626 15051
3150 628 15052
3149 629 15053
3148 631 15055
3147 632 15056
3145 634 15058
3144 637 15059
3142 639 15062
3141 640 15063
3140 642 15064
3138 644 15066
3137 645 15067
3136 647 15069
3135 648 15070
3134 650 15072
3133 651 15073
3132 653 15074
3130 655 15076
3129 656 15077
3128 658 15079
3127 659 15080
3125 661 15082
3124 662 15083
3123 663 15084
3122 665 15086
3121 667 15087
3120 669 15089
3119 670 15090
3118 672 15092
3117 673 15093
3116 674 15094
3115 675 15095
3114 676 15096
3112 679 15098
3110 680 15100
3109 682 15101
3109 683 15102
3109 684 15103
3108 684 15104
3107 686 15105
3106 688 15107
3103 691 15110
3102 692 15111
3102 693 15112
3101 694 15113
3101 695 15114
3101 695 15115
3099 697 15117
3096 700 15120
3096 701 15121
3094 702 15122
3094 703 15123
3093 704 15124
3093 705 15125
3091 707 15127
3088 710 15130
3088 711 15131
3088 712 15132
3087 713 15133
3086 715 15134
3085 716 15135
3084 717 15137
3081 720 15140
3081 721 15141
3080 722 15142
3080 723 15143
3078 724 15144
3078 725 15145
3077 726 15147
3075 729 15149
3073 730 15151
3073 731 15152
3072 732 15153
3071 733 15154
3071 734 15155
3069 736 15157
3068 738 15159
3066 740 15161
3066 741 15162
3066 742 15163
3065 743 15164
3063 744 15165
3063 746 15167
3062 747 15168
3060 748 15170
3059 749 15171
3058 751 15173
3058 752 15174
3057 753 15175
3056 755 15177
3055 756 15178
3054 757 15180
3053 758 15181
3052 759 15182
3051 761 15184
3050 762 15185
3050 763 15186
3049 764 15187
3048 766 15190
3047 767 15191
3045 769 15192
3044 770 15194
3043 771 15195
3043 772 15196
3042 772 15197
3040 775 15200
3039 776 15201
3038 777 15202
3037 779 15204
3037 779 15205
3036 780 15206
3035 782 15207
3033 785 15210
3033 785 15211
3032 786 15212
3031 787 15214
3029 788 15215
3029 789 15216
3030 789 15217
3027 792 15220
3027 793 15221
3026 795 15222
3024 795 15224
3024 797 15225
3024 797 15226
3024 797 15227
3023 799 15229
3022 800 15231
3021 802 15232
3019 803 15234
3019 804 15235
3018 805 15236
3018 806 15237
3015 807 15239
3014 809 15241
3014 810 15242
3012 811 15244
3012 812 15245
3012 813 15246
3011 814 15247
3009 815 15249
3009 816 15250
3008 817 15251
3008 819 15253
3005 820 15255
3005 821 15256
3006 822 15257
3003 823 15258
3003 824 15259
3003 825 15261
3002 826 15262
3001 827 15264
3000 829 15266
2999 830 15267
2999 830 15268
2998 831 15269
2997 832 15271
2996 834 15272
2996 835 15274
2994 837 15276
2992 838 15277
2992 838 15278
2992 839 15279
2990 841 15281
2989 842 15283
2988 843 15285
2988 845 15287
2987 846 15288
2986 847 15289
2985 847 15290
2984 849 15292
2983 849 15293
2982 851 15295
2981 852 15297
2981 853 15298
2981 854 15299
2980 854 15300
2979 856 15302
2978 857 15303
2977 858 15305
2977 860 15307
2976 860 15308
2976 861 15309
2975 862 15310
2974 864 15312
2973 864 15313
2971 866 15315
2970 867 15317
2970 868 15318
2969 869 15319
2969 869 15320
2968 870 15322
2967 872 15323
2967 872 15324
2966 874 15326
2965 872 15327
2960 851 15329
2945 863 15330
2924 873 15331
2891 884 15332
2867 892 15333
2867 892 15335
2867 892 15336
2867 892 15338
2867 892 15340
2867 892 15341
2867 892 15342
2867 892 15343
2867 892 15345
2867 892 15346
2867 892 15348
