1131 78 583 2413
1120 77 584 2410
1110 77 585 2399
1099 75 586 2423
1088 74 587 2416
1077 74 588 2440
1066 72 589 2562
1056 71 590 2498
1045 70 591 2376
1034 69 592 2320
1022 68 593 2321
1012 67 594 2333
1001 66 595 2384
990 66 596 2345
979 65 597 2329
968 63 598 2322
958 62 599 2280
947 61 600 2268
936 60 601 2344
925 59 602 2294
914 58 603 2263
903 57 604 2208
892 56 605 2248
881 54 606 2240
871 54 607 2297
861 52 608 2289
847 53 609 2276
837 52 610 2276
824 51 611 2287
814 50 612 2327
803 49 613 2406
791 48 614 2394
780 47 615 2387
769 46 616 2344
757 45 617 2319
746 44 618 2281
735 43 619 2244
725 42 620 2197
713 40 621 2238
702 39 622 2225
691 37 623 2162
680 36 624 2167
669 35 625 2188
649 37 626 2153
644 36 627 2106
638 35 628 2069
633 35 629 2125
582 27 633 2144
569 26 634 2119
558 25 635 2154
547 24 636 2161
536 23 637 2236
526 22 638 2233
514 20 639 2225
503 19 640 2202
492 17 641 2279
481 16 642 2242
469 16 643 2300
459 16 644 2259
448 16 645 2234
437 16 646 2183
179 398 1128 1602
185 398 1129 1675
190 398 1130 1661
195 398 1131 1646
200 399 1132 1614
205 399 1133 1637
210 399 1134 1654
215 399 1135 1690
220 399 1136 1707
225 400 1137 1687
231 400 1138 1665
236 400 1139 1623
241 400 1140 1621
246 401 1141 1685
252 401 1142 1638
257 402 1143 1590
262 402 1144 1563
267 402 1145 1640
271 402 1146 1611
277 403 1147 1641
282 403 1148 1610
287 403 1149 1621
292 403 1150 1592
298 404 1151 1650
303 404 1152 1671
308 404 1153 1718
313 404 1154 1709
317 404 1155 1693
322 405 1156 1680
328 405 1157 1701
334 405 1158 1690
338 405 1159 1679
343 406 1160 1685
348 407 1161 1735
354 406 1162 1703
358 406 1163 1686
364 407 1164 1659
370 407 1165 1708
375 408 1166 1657
380 408 1167 1633
385 409 1168 1610
391 409 1169 1597
395 409 1170 1590
401 410 1171 1605
406 410 1172 1570
411 410 1173 1570
416 411 1174 1548
422 412 1175 1542
426 412 1176 1510
432 414 1177 1622
438 414 1178 1603
443 416 1179 1602
447 416 1180 1578
453 416 1181 1582
459 418 1182 1591
463 418 1183 1642
469 419 1184 1651
473 419 1185 1676
479 421 1186 1684
484 421 1187 1688
490 422 1188 1651
495 422 1189 1694
500 423 1190 1651
505 423 1191 1613
509 424 1192 1566
516 425 1193 1566
520 425 1194 1551
525 425 1195 1532
530 426 1196 1517
535 427 1197 1514
541 427 1198 1503
545 427 1199 1511
550 429 1200 1525
550 429 1201 1588
550 429 1202 1572
550 429 1203 1532
550 429 1204 1510
376 484 1232 1587
376 484 1233 1620
376 484 1234 1592
376 484 1235 1665
376 484 1236 1653
376 484 1237 1766
376 484 1238 1761
376 484 1239 1765
376 484 1240 1730
379 479 1241 1705
376 484 1242 1663
381 483 1243 1681
381 483 1244 1698
381 486 1245 1710
381 486 1246 1685
380 483 1247 1672
380 483 1248 1677
379 481 1249 1791
379 481 1250 1762
379 481 1251 1767
380 480 1252 1714
379 481 1253 1686
380 481 1254 1662
381 484 1255 1699
381 484 1256 1673
380 483 1257 1705
1131 410 1597 1687
1131 410 1598 1692
1128 412 1599 1674
1128 412 1600 1649
1128 412 1601 1623
1128 412 1602 1616
1128 412 1603 1659
1131 410 1604 1648
1128 412 1605 1624
1128 412 1606 1621
1128 412 1607 1548
1128 412 1608 1536
1131 410 1609 1650
1131 410 1610 1628
1131 410 1611 1647
1131 410 1612 1614
1131 410 1613 1674
1131 410 1614 1658
1131 410 1615 1715
1131 410 1616 1685
1131 410 1617 1690
1187 345 1627 1707
1185 345 1628 1721
1181 344 1629 1726
1179 343 1630 1762
1177 342 1631 1742
1174 341 1632 1692
1170 341 1633 1772
1168 340 1634 1681
1165 339 1635 1637
1162 338 1636 1607
1159 338 1637 1549
1156 337 1638 1529
1153 336 1639 1554
1149 335 1640 1530
1146 334 1641 1517
1146 334 1642 1519
1146 334 1643 1462
1137 332 1644 1453
1137 332 1645 1548
1130 331 1646 1511
1127 331 1647 1520
1123 330 1648 1518
1120 330 1649 1518
1117 330 1650 1540
1113 330 1651 1539
1110 330 1652 1578
1106 330 1653 1592
1103 330 1654 1619
1099 330 1655 1610
1097 330 1656 1603
1093 330 1657 1701
1089 330 1658 1633
1086 331 1659 1612
1083 331 1660 1582
1079 331 1661 1566
1076 331 1662 1476
1073 331 1663 1536
1069 331 1664 1495
1066 331 1665 1464
1062 331 1666 1451
1059 331 1667 1419
1056 331 1668 1417
1052 331 1669 1478
1049 331 1670 1467
1045 331 1671 1447
1041 331 1672 1443
1038 331 1673 1537
1034 331 1674 1515
1031 331 1675 1597
1027 331 1676 1554
1023 331 1677 1551
1019 331 1678 1516
1015 331 1679 1552
1012 331 1680 1568
1008 331 1681 1675
1004 331 1682 1633
1001 331 1683 1567
997 331 1684 1524
993 331 1685 1550
989 331 1686 1549
985 331 1687 1539
982 330 1688 1474
978 330 1689 1460
975 330 1690 1419
971 330 1691 1425
967 329 1692 1365
964 329 1693 1440
960 329 1694 1375
957 329 1695 1416
953 329 1696 1388
950 329 1697 1394
946 329 1698 1422
942 328 1699 1430
939 328 1700 1441
935 328 1701 1489
932 328 1702 1475
928 327 1703 1482
924 327 1704 1498
920 327 1705 1545
917 327 1706 1535
913 327 1707 1555
909 326 1708 1519
905 326 1709 1455
903 326 1710 1454
899 326 1711 1479
895 326 1712 1459
891 325 1713 1412
889 325 1714 1367
889 325 1715 1373
881 325 1716 1383
877 324 1717 1370
874 324 1718 1338
870 324 1719 1301
866 323 1720 1315
862 323 1721 1333
859 323 1722 1317
856 323 1723 1348
852 322 1724 1352
848 322 1725 1321
845 322 1726 1316
841 322 1727 1345
837 322 1728 1334
834 321 1729 1492
830 321 1730 1473
826 321 1731 1465
823 321 1732 1439
819 321 1733 1465
815 320 1734 1442
811 319 1735 1432
809 319 1736 1394
805 319 1737 1386
801 318 1738 1365
797 318 1739 1309
794 318 1740 1317
790 318 1741 1358
786 318 1742 1352
783 317 1743 1319
779 317 1744 1312
776 317 1745 1320
776 317 1746 1301
768 316 1747 1260
765 316 1748 1301
761 316 1749 1348
758 316 1750 1332
758 316 1751 1352
751 315 1752 1341
747 315 1753 1407
743 315 1754 1387
740 315 1755 1376
736 314 1756 1381
732 314 1757 1378
730 314 1758 1384
726 314 1759 1388
722 313 1760 1428
722 313 1761 1429
722 313 1762 1387
722 313 1763 1400
722 313 1764 1374
722 313 1765 1411
722 313 1766 1353
722 313 1767 1359
722 313 1768 1324
722 313 1769 1286
722 313 1770 1289
722 313 1771 1304
722 313 1772 1283
722 313 1773 1317
722 313 1774 1305
722 313 1775 1316
722 313 1776 1313
722 313 1777 1374
722 313 1778 1348
722 313 1779 1328
722 313 1780 1322
722 313 1781 1345
722 313 1782 1334
722 313 1783 1344
722 313 1784 1343
722 313 1785 1375
722 313 1786 1326
722 313 1787 1311
608 303 1792 1290
604 303 1793 1304
601 303 1794 1241
597 302 1795 1266
593 302 1796 1263
590 302 1797 1280
586 301 1798 1272
583 301 1799 1274
579 301 1800 1256
575 300 1801 1337
572 300 1802 1291
568 300 1803 1276
564 299 1804 1287
560 299 1805 1294
558 299 1806 1319
554 299 1807 1350
550 298 1808 1355
546 298 1809 1365
543 297 1810 1352
539 297 1811 1356
535 297 1812 1344
532 296 1813 1360
528 296 1814 1302
524 296 1815 1274
522 296 1816 1264
517 295 1817 1294
514 295 1818 1270
510 294 1819 1314
506 294 1820 1252
503 293 1821 1257
499 293 1822 1243
495 293 1823 1263
491 292 1824 1247
488 292 1825 1329
485 292 1826 1299
481 291 1827 1283
477 291 1828 1280
473 291 1829 1303
470 290 1830 1294
466 290 1831 1294
463 290 1832 1308
459 289 1833 1331
455 289 1834 1325
451 289 1835 1402
448 288 1836 1422
444 287 1837 1460
440 287 1838 1414
437 287 1839 1399
433 286 1840 1351
429 286 1841 1375
426 285 1842 1371
422 285 1843 1429
413 276 1844 1445
409 274 1845 1429
408 276 1846 1407
405 274 1847 1394
404 275 1848 1384
402 271 1849 1467
403 263 1850 1467
397 274 1851 1442
395 274 1852 1394
392 274 1853 1394
390 274 1854 1410
390 272 1855 1456
374 280 1856 1463
370 279 1857 1485
366 279 1858 1467
363 278 1859 1498
359 278 1860 1479
356 278 1861 1529
352 277 1862 1510
348 277 1863 1498
344 276 1864 1471
340 276 1865 1481
337 275 1866 1459
334 275 1867 1450
329 275 1868 1429
325 274 1869 1412
325 274 1870 1414
318 273 1871 1416
314 273 1872 1433
310 272 1873 1476
307 271 1874 1447
303 271 1875 1432
299 270 1876 1397
295 269 1877 1453
291 269 1878 1457
287 269 1879 1441
283 268 1880 1436
277 297 1881 1442
275 296 1882 1435
275 296 1883 1455
263 286 1884 1460
262 286 1885 1509
261 286 1886 1492
258 284 1887 1468
258 285 1888 1452
256 283 1889 1500
255 283 1890 1499
254 283 1891 1492
258 288 1892 1429
258 288 1893 1429
257 287 1894 1408
256 286 1895 1393
256 287 1896 1392
256 287 1897 1484
189 250 1903 1437
185 249 1904 1403
180 248 1905 1437
176 247 1906 1420
172 245 1907 1447
167 244 1908 1476
161 244 1909 1521
161 244 1910 1498
153 241 1911 1482
149 240 1912 1492
145 239 1913 1528
140 238 1914 1525
136 237 1915 1557
131 236 1916 1544
127 235 1917 1501
122 234 1918 1492
118 233 1919 1487
113 232 1920 1465
108 230 1921 1544
104 229 1922 1533
99 228 1923 1486
95 228 1924 1476
85 222 1925 1472
82 222 1926 1450
80 221 1927 1426
76 220 1928 1425
74 220 1929 1420
71 219 1930 1424
69 217 1931 1421
66 218 1932 1404
64 217 1933 1480
63 217 1934 1453
76 216 1935 1427
76 216 1936 1431
76 216 1937 1438
76 216 1938 1440
76 216 1939 1474
76 216 1940 1451
847 55 2768 1438
843 54 2769 1493
841 54 2770 1459
838 54 2771 1487
829 47 2772 1499
824 46 2773 1595
820 45 2774 1546
816 44 2775 1505
812 43 2776 1448
808 42 2777 1421
803 41 2778 1410
799 40 2779 1401
795 40 2780 1358
790 39 2781 1408
787 37 2782 1379
781 37 2783 1378
778 36 2784 1359
774 35 2785 1441
770 33 2786 1412
764 33 2787 1389
760 32 2788 1400
755 30 2789 1373
751 30 2790 1352
747 28 2791 1354
742 26 2792 1352
738 25 2793 1378
733 24 2794 1343
729 22 2795 1379
725 20 2796 1393
720 19 2797 1486
716 17 2798 1469
711 16 2799 1462
706 16 2800 1425
702 16 2801 1454
697 16 2802 1428
693 16 2803 1402
687 16 2804 1399
683 16 2805 1376
678 16 2806 1341
673 16 2807 1341
669 16 2808 1295
669 16 2809 1411
669 16 2810 1384
669 16 2811 1369
669 16 2812 1357
942 46 3833 1327
941 49 3834 1292
942 51 3835 1269
941 54 3836 1277
941 56 3837 1201
941 59 3838 1230
941 61 3839 1265
941 64 3840 1257
941 66 3841 1392
941 69 3842 1370
941 71 3843 1329
942 73 3844 1311
941 76 3845 1269
941 78 3846 1263
941 81 3847 1200
941 83 3848 1177
941 85 3849 1167
941 88 3850 1173
940 90 3851 1171
941 93 3852 1134
940 95 3853 1146
940 98 3854 1208
940 100 3855 1232
940 104 3856 1252
941 106 3857 1293
940 109 3858 1286
941 111 3859 1314
940 113 3860 1309
941 116 3861 1366
940 118 3862 1448
941 120 3863 1420
941 122 3864 1492
941 125 3865 1606
941 127 3866 1632
941 130 3867 1610
941 132 3868 1557
941 135 3869 1515
941 137 3870 1479
941 140 3871 1449
940 142 3872 1457
941 144 3873 1573
940 147 3874 1581
940 149 3875 1634
940 152 3876 1605
941 154 3877 1687
941 156 3878 1669
940 159 3879 1601
939 161 3880 1537
939 164 3881 1441
940 166 3882 1411
939 169 3883 1418
938 171 3884 1417
939 174 3885 1559
937 176 3886 1562
938 179 3887 1486
938 181 3888 1511
939 184 3889 1670
938 187 3890 1621
938 190 3891 1620
938 191 3892 1580
938 194 3893 1537
939 196 3894 1526
939 198 3895 1445
938 201 3896 1383
939 203 3897 1380
938 206 3898 1352
939 208 3899 1378
938 211 3900 1421
939 213 3901 1536
938 216 3902 1502
938 218 3903 1461
939 221 3904 1466
939 223 3905 1460
939 225 3906 1399
938 228 3907 1325
939 230 3908 1296
939 232 3909 1244
939 236 3910 1205
938 238 3911 1157
939 240 3912 1157
939 243 3913 1202
939 245 3914 1158
939 248 3915 1115
940 250 3916 1110
940 253 3917 1158
940 255 3918 1095
941 258 3919 1062
939 260 3920 1059
939 262 3921 1052
940 265 3922 1081
941 268 3923 1089
940 270 3924 1056
940 272 3925 1171
940 275 3926 1118
940 277 3927 1139
940 280 3928 1132
940 283 3929 1210
940 285 3930 1225
940 287 3931 1251
940 290 3932 1272
940 292 3933 1331
939 295 3934 1407
939 297 3935 1479
939 300 3936 1528
940 303 3937 1460
939 305 3938 1436
939 308 3939 1361
940 310 3940 1343
940 313 3941 1346
941 315 3942 1315
940 317 3943 1399
940 320 3944 1348
939 322 3945 1335
939 325 3946 1320
939 327 3947 1286
939 329 3948 1227
939 332 3949 1353
939 334 3950 1311
939 337 3951 1310
939 341 3952 1382
940 343 3953 1491
940 345 3954 1435
939 347 3955 1421
939 350 3956 1389
939 353 3957 1353
939 355 3958 1308
940 358 3959 1373
939 360 3960 1395
940 362 3961 1516
939 365 3962 1508
939 367 3963 1485
940 370 3964 1450
939 373 3965 1529
939 376 3966 1517
939 377 3967 1571
939 380 3968 1575
938 382 3969 1622
937 383 3970 1555
938 385 3971 1649
939 387 3972 1592
937 387 3973 1590
936 389 3974 1587
937 389 3975 1507
935 389 3976 1448
935 390 3977 1426
935 390 3978 1424
933 389 3979 1422
932 390 3980 1450
931 389 3981 1445
929 389 3982 1477
927 389 3983 1461
926 389 3984 1400
924 389 3985 1521
923 387 3986 1432
917 393 3987 1478
916 391 3988 1537
914 390 3989 1599
912 390 3990 1633
910 390 3991 1707
907 390 3992 1610
904 392 3993 1507
900 390 3994 1483
898 390 3995 1461
894 390 3996 1428
891 390 3997 1490
886 387 3998 1835
882 387 3999 1681
877 388 4000 1374
872 388 4001 1403
867 389 4002 1432
863 388 4003 3246
858 388 4004 1404
853 389 4005 1400
849 389 4006 4533
843 388 4007 1395
839 389 4008 1369
833 389 4009 1433
828 389 4010 1359
822 389 4011 1354
817 389 4012 1387
810 389 4013 1390
806 389 4014 2528
800 390 4015 1384
793 390 4016 1433
787 389 4017 1441
772 384 4018 1444
771 385 4019 1471
767 385 4020 1529
763 384 4021 1609
758 384 4022 1515
754 385 4023 1501
749 385 4024 1491
735 388 4025 1501
729 387 4026 1507
721 387 4027 1522
715 387 4028 1471
708 387 4029 1416
701 386 4030 1419
694 386 4031 1448
688 386 4032 1480
681 385 4033 1619
675 385 4034 1580
668 385 4035 1549
662 384 4036 1659
655 384 4037 1607
648 383 4038 1581
641 383 4039 1634
636 382 4040 1651
629 382 4041 1654
623 381 4042 1578
617 380 4043 1625
610 380 4044 1689
604 379 4045 1696
598 380 4046 1723
591 379 4047 1643
586 379 4048 1607
579 378 4049 1582
573 378 4050 1586
567 378 4051 1754
561 377 4052 1631
556 376 4053 1633
550 376 4054 1685
544 375 4055 1777
538 374 4056 1722
532 374 4057 1998
526 373 4058 1943
521 372 4059 1825
516 371 4060 1858
510 370 4061 1860
504 369 4062 1801
499 369 4063 1857
493 368 4064 1827
488 367 4065 1863
482 366 4066 1747
477 365 4067 1829
471 364 4068 1773
465 363 4069 1803
460 362 4070 1761
456 361 4071 1730
450 359 4072 1612
445 358 4073 1575
439 357 4074 1487
434 355 4075 1436
430 354 4076 1360
425 351 4077 1389
421 350 4078 1290
416 349 4079 1185
412 347 4080 1247
408 345 4081 1357
397 342 4082 1291
394 341 4083 1344
392 340 4084 1342
390 338 4085 1304
388 337 4086 1303
385 335 4087 1286
382 332 4088 1241
380 331 4089 1259
377 328 4090 1228
374 326 4091 1213
371 324 4092 1215
369 322 4093 1202
362 313 4094 1216
358 309 4095 1193
354 306 4096 1166
351 301 4097 1159
349 297 4098 1162
345 292 4099 1156
342 288 4100 1117
339 284 4101 1184
337 280 4102 1243
334 276 4103 1312
332 271 4104 1337
330 267 4105 1391
328 263 4106 1381
326 259 4107 1285
325 255 4108 1217
323 251 4109 1223
322 247 4110 1254
320 242 4111 1303
320 238 4112 1285
319 235 4113 1278
318 231 4114 1196
319 227 4115 1226
319 224 4116 1216
319 220 4117 1406
319 216 4118 1376
319 211 4119 1342
320 209 4120 1327
321 205 4121 1328
320 201 4122 1361
321 198 4123 1369
322 194 4124 1410
323 192 4125 1386
323 188 4126 1325
324 184 4127 1303
324 180 4128 1272
324 177 4129 1300
326 174 4130 1286
326 171 4131 1297
327 167 4132 1247
327 163 4133 1288
328 160 4134 1282
328 156 4135 1272
329 153 4136 1191
329 149 4137 1221
328 146 4138 1210
328 142 4139 1195
328 139 4140 1191
330 135 4141 1201
329 131 4142 1176
330 129 4143 1110
329 125 4144 1107
330 121 4145 1133
331 118 4146 1141
331 114 4147 1166
332 111 4148 1223
332 107 4149 1183
332 104 4150 1182
328 88 4151 1158
327 84 4152 1160
327 83 4153 1207
329 83 4154 1230
331 83 4155 1185
331 81 4156 1156
331 79 4157 1111
331 76 4158 1096
331 74 4159 1095
331 72 4160 1096
331 70 4161 1074
331 69 4162 1043
331 68 4163 1067
331 65 4164 1064
331 63 4165 1143
330 63 4166 1135
331 60 4167 1134
332 57 4168 1139
331 57 4169 1126
331 57 4170 1110
324 78 4171 1096
323 78 4172 1096
323 78 4173 1118
323 78 4174 1127
323 78 4175 1155
323 78 4176 1201
340 176 5076 844
346 176 5077 926
352 178 5078 931
359 178 5079 872
363 177 5080 883
370 178 5081 902
375 178 5082 930
381 178 5083 968
388 178 5084 983
392 177 5085 966
397 178 5086 981
412 182 5087 996
417 183 5088 991
420 182 5089 1061
422 183 5090 1038
424 183 5091 1029
425 183 5092 987
423 184 5093 1012
423 184 5094 998
423 184 5095 978
423 184 5096 945
422 184 5097 955
422 184 5098 915
422 184 5099 995
422 184 5100 947
423 185 5101 974
423 185 5102 983
423 185 5103 982
423 185 5104 993
423 185 5105 941
423 185 5106 903
423 185 5107 988
423 185 5108 1010
423 185 5109 979
423 185 5110 957
423 185 5111 939
422 185 5112 956
422 185 5113 1020
422 185 5114 993
421 185 5115 935
421 185 5116 894
422 185 5117 881
422 185 5118 911
422 185 5119 941
422 185 5120 953
422 186 5121 963
422 186 5122 977
422 186 5123 955
422 186 5124 888
422 186 5125 926
422 186 5126 909
422 186 5127 883
422 186 5128 886
422 186 5129 889
422 186 5130 896
422 186 5131 849
422 186 5132 838
422 186 5133 833
422 186 5134 825
422 186 5135 826
422 186 5136 844
422 186 5137 919
704 179 5138 903
710 178 5139 893
716 179 5140 857
722 180 5141 843
728 179 5142 831
733 179 5143 856
740 180 5144 831
745 180 5145 818
752 180 5146 812
758 180 5147 819
764 180 5148 818
770 181 5149 911
777 181 5150 890
782 182 5151 876
788 182 5152 874
795 181 5153 894
802 181 5154 882
808 181 5155 908
814 181 5156 893
820 181 5157 897
827 181 5158 903
833 181 5159 908
840 180 5160 921
846 180 5161 978
852 180 5162 982
859 179 5163 971
865 179 5164 961
873 180 5165 960
879 179 5166 960
885 179 5167 947
893 179 5168 951
899 179 5169 950
906 178 5170 921
912 178 5171 910
920 178 5172 905
927 178 5173 967
933 177 5174 966
940 176 5175 917
947 176 5176 899
954 175 5177 965
960 175 5178 1004
967 175 5179 1049
974 174 5180 1029
980 174 5181 1001
988 173 5182 1002
994 172 5183 975
1001 172 5184 958
1009 172 5185 1045
1015 171 5186 1001
1022 170 5187 991
1029 170 5188 1023
1036 169 5189 1026
1042 168 5190 1020
1050 168 5191 1035
1056 167 5192 1010
1062 167 5193 981
1069 166 5194 958
1076 165 5195 958
1082 165 5196 941
1089 165 5197 1013
1097 164 5198 1006
1103 163 5199 1013
1110 162 5200 995
1117 162 5201 1027
1124 162 5202 1013
1130 160 5203 989
1137 160 5204 970
1144 160 5205 964
1150 159 5206 959
1157 159 5207 943
1163 158 5208 967
1170 158 5209 1053
1177 157 5210 1043
1184 156 5211 1011
1218 144 5212 1001
1217 144 5213 1007
1216 145 5214 1009
1216 146 5215 1026
1218 146 5216 1015
1219 145 5217 1062
1220 145 5218 1027
1219 144 5219 1054
1218 144 5220 1030
1218 144 5221 1082
1218 144 5222 1068
1218 144 5223 1055
1218 144 5224 1043
1218 144 5225 1075
1366 134 5239 1077
1372 133 5240 1092
1378 132 5241 1119
1384 132 5242 1086
1390 131 5243 1114
1396 130 5244 1117
1400 129 5245 1206
1405 129 5246 1231
1410 128 5247 1205
1415 127 5248 1226
1419 126 5249 1257
1423 126 5250 1222
1426 126 5251 1255
1428 125 5252 1259
1428 125 5253 1273
1428 126 5254 1264
1428 127 5255 1285
1428 128 5256 1288
1428 128 5257 1242
1428 128 5258 1250
1428 128 5259 1213
1428 128 5260 1214
1367 186 5297 1161
1363 189 5298 1140
1357 191 5299 1160
1352 193 5300 1129
1347 196 5301 1143
1342 199 5302 1083
1337 201 5303 1112
1309 199 5304 1102
1309 199 5305 1120
1313 202 5306 1103
1312 203 5307 1093
1310 203 5308 1081
1308 203 5309 1120
1308 203 5310 1111
1309 199 5311 1108
1309 200 5312 1123
1309 199 5313 1146
1309 199 5314 1143
1309 199 5315 1153
1309 200 5316 1125
1308 200 5317 1201
1308 200 5318 1199
1308 200 5319 1188
1252 251 5323 1164
1248 253 5324 1128
1245 255 5325 1173
1242 258 5326 1146
1238 261 5327 1135
1236 263 5328 1112
1233 266 5329 1127
1230 268 5330 1109
1227 271 5331 1084
1224 273 5332 1059
1222 276 5333 1103
1219 277 5334 1075
1216 280 5335 1066
1214 282 5336 1059
1211 285 5337 1137
1209 288 5338 1113
1207 289 5339 1124
1205 292 5340 1119
1202 294 5341 1185
1200 297 5342 1176
1199 299 5343 1182
1196 301 5344 1187
1194 303 5345 1198
1192 305 5346 1177
1191 308 5347 1202
1189 310 5348 1174
1186 313 5349 1196
1184 314 5350 1190
1183 316 5351 1185
1181 320 5352 1131
1179 321 5353 1156
1178 323 5354 1131
1176 326 5355 1116
1175 328 5356 1105
1173 330 5357 1135
1172 332 5358 1131
1170 334 5359 1151
1170 336 5360 1131
1168 339 5361 1165
1167 340 5362 1137
1165 342 5363 1123
1163 344 5364 1105
1163 346 5365 1147
1161 348 5366 1132
1159 350 5367 1127
1158 352 5368 1111
1156 354 5369 1113
1155 356 5370 1125
1153 358 5371 1147
1152 360 5372 1159
1150 361 5373 1168
1149 363 5374 1149
1147 365 5375 1129
1146 366 5376 1117
1144 368 5377 1157
1143 370 5378 1145
1141 371 5379 1142
1139 373 5380 1145
1138 375 5381 1150
1136 376 5382 1149
1135 378 5383 1102
1133 379 5384 1076
1132 381 5385 1082
1130 383 5386 1078
1129 384 5387 1070
1127 385 5388 1081
1126 387 5389 1130
1124 388 5390 1111
1123 390 5391 1115
1121 391 5392 1082
1120 393 5393 1094
1118 395 5394 1075
1117 396 5395 1106
1115 397 5396 1114
1114 399 5397 1130
1112 400 5398 1131
1111 401 5399 1155
1110 403 5400 1139
1108 404 5401 1211
1106 405 5402 1170
1105 406 5403 1154
1103 407 5404 1130
1102 408 5405 1116
1101 409 5406 1086
1099 410 5407 1083
1098 411 5408 1095
1096 412 5409 1093
1094 412 5410 1070
1093 413 5411 1079
1092 414 5412 1065
1090 415 5413 1139
1090 415 5414 1112
1088 416 5415 1115
1087 417 5416 1106
1086 417 5417 1098
1085 418 5418 1091
1084 418 5419 1123
1083 419 5420 1101
1082 419 5421 1127
1080 420 5422 1118
1079 420 5423 1125
1079 420 5424 1119
1078 421 5425 1191
1077 421 5426 1167
1076 421 5427 1140
1076 421 5428 1115
1074 421 5429 1139
1074 422 5430 1130
1074 422 5431 1137
1073 421 5432 1119
1072 422 5433 1156
1072 422 5434 1135
1069 421 5435 1123
1069 421 5436 1103
1068 421 5437 1166
1068 421 5438 1164
1067 421 5439 1199
1066 421 5440 1201
1066 420 5441 1180
1065 420 5442 1226
1064 420 5443 1234
1063 420 5444 1231
1063 420 5445 1221
1061 419 5446 1247
1061 419 5447 1236
1060 418 5448 1263
1060 418 5449 1334
1059 418 5450 1346
1059 417 5451 1294
1057 417 5452 1288
1057 416 5453 1295
1056 416 5454 1246
1056 415 5455 1284
1055 414 5456 1258
1054 414 5457 1237
1053 413 5458 1182
1053 413 5459 1148
1051 412 5460 1125
1051 411 5461 1174
1051 411 5462 1151
1050 410 5463 1101
1049 409 5464 1079
1048 408 5465 1074
1048 407 5466 1087
1046 406 5467 1096
1046 406 5468 1102
1046 406 5469 1149
1045 403 5470 1130
1059 388 5471 1180
1065 381 5472 1131
1055 390 5473 1222
1056 388 5474 1187
1058 385 5475 1156
1057 386 5476 1151
1055 387 5477 1191
1057 385 5478 1131
1057 385 5479 1115
1055 386 5480 1074
1049 387 5481 1065
1039 390 5482 1078
1039 390 5483 1044
1040 389 5484 1057
1049 386 5485 1092
1048 385 5486 1073
1044 385 5487 1050
1043 385 5488 1032
1047 385 5489 1074
1044 384 5490 1074
1044 383 5491 1082
1034 382 5492 1066
1021 375 5493 1065
1020 374 5494 1049
1018 372 5495 1052
1016 372 5496 1042
1014 370 5497 1091
1013 369 5498 1078
1011 367 5499 1065
1009 366 5500 1071
1006 365 5501 1059
1004 364 5502 1072
1002 363 5503 1063
999 362 5504 1055
997 362 5505 1053
995 360 5506 1034
992 360 5507 1040
990 359 5508 1026
987 359 5509 1058
983 358 5510 1042
981 357 5511 1035
978 356 5512 1009
974 356 5513 1029
972 355 5514 993
968 355 5515 980
965 354 5516 975
961 354 5517 998
958 354 5518 985
955 354 5519 996
951 353 5520 1003
948 353 5521 1071
944 353 5522 1062
940 353 5523 1039
937 352 5524 1035
933 352 5525 1065
929 352 5526 1060
925 352 5527 1072
921 352 5528 1095
917 352 5529 1077
913 352 5530 1075
909 352 5531 1054
905 353 5532 1033
900 353 5533 1039
896 353 5534 1020
892 353 5535 1005
888 353 5536 980
883 354 5537 991
878 354 5538 994
874 354 5539 997
870 355 5540 1003
865 355 5541 1030
861 355 5542 1036
855 356 5543 1094
851 356 5544 1081
847 357 5545 1168
842 358 5546 1146
837 358 5547 1132
833 358 5548 1109
828 359 5549 1082
824 359 5550 1025
819 360 5551 1028
813 360 5552 1046
809 361 5553 1065
803 362 5554 1061
799 362 5555 1094
794 362 5556 1073
790 362 5557 1093
784 363 5558 1013
780 363 5559 976
775 364 5560 981
769 364 5561 994
765 364 5562 990
760 364 5563 978
755 365 5564 968
751 365 5565 989
746 365 5566 973
742 365 5567 999
736 366 5568 984
732 366 5569 1040
726 366 5570 1033
723 366 5571 1026
717 366 5572 1035
713 366 5573 1028
709 366 5574 1006
704 366 5575 1011
699 367 5576 991
695 367 5577 997
690 367 5578 999
686 367 5579 1017
681 368 5580 1006
676 368 5581 1117
672 368 5582 1080
668 368 5583 1047
663 368 5584 1031
659 368 5585 998
654 368 5586 958
650 368 5587 959
645 368 5588 938
641 368 5589 939
636 368 5590 928
632 368 5591 966
628 368 5592 964
623 368 5593 993
619 368 5594 969
615 368 5595 945
611 368 5596 937
606 368 5597 961
602 368 5598 971
598 368 5599 988
594 368 5600 987
589 367 5601 979
585 367 5602 958
580 367 5603 988
576 367 5604 996
572 367 5605 1058
568 367 5606 1057
564 367 5607 1054
560 367 5608 1034
555 366 5609 1058
551 366 5610 1035
547 366 5611 1019
542 366 5612 987
538 366 5613 1000
535 366 5614 986
530 366 5615 976
526 365 5616 961
522 365 5617 1018
518 365 5618 1015
514 365 5619 982
510 365 5620 1013
505 365 5621 1010
502 364 5622 987
498 364 5623 982
493 364 5624 960
489 364 5625 1005
485 363 5626 993
481 363 5627 974
477 363 5628 974
473 363 5629 1043
469 362 5630 1038
465 362 5631 1044
461 362 5632 1049
457 361 5633 1063
453 361 5634 1050
449 361 5635 1034
445 361 5636 1015
441 361 5637 1042
437 360 5638 1024
433 360 5639 1023
430 360 5640 999
425 359 5641 1032
421 359 5642 1010
417 359 5643 988
413 358 5644 974
409 358 5645 1000
405 358 5646 989
401 358 5647 1001
398 357 5648 980
394 357 5649 986
390 357 5650 984
386 356 5651 1029
382 356 5652 1020
379 356 5653 1052
375 355 5654 1031
371 355 5655 1013
367 355 5656 999
363 354 5657 1003
359 354 5658 996
355 353 5659 1038
352 353 5660 1015
348 352 5661 1024
345 352 5662 1004
341 351 5663 998
337 350 5664 986
333 350 5665 1018
329 349 5666 1007
325 348 5667 995
322 348 5668 982
318 347 5669 990
304 335 5670 978
301 334 5671 976
299 332 5672 970
298 333 5673 976
297 328 5674 972
297 329 5675 955
297 329 5676 978
297 329 5677 1011
297 329 5678 1009
297 329 5679 1000
297 329 5680 994
297 329 5681 988
246 329 5687 985
242 328 5688 977
238 326 5689 1002
234 325 5690 987
229 324 5691 978
225 322 5692 961
221 321 5693 962
216 320 5694 987
211 318 5695 1007
207 317 5696 1010
203 315 5697 1043
198 314 5698 1045
194 312 5699 1045
189 311 5700 1031
185 309 5701 1096
180 308 5702 1111
176 306 5703 1050
170 304 5704 1007
166 303 5705 1015
162 301 5706 989
156 300 5707 1000
152 298 5708 981
147 297 5709 979
143 295 5710 971
137 293 5711 1022
133 291 5712 1011
128 290 5713 1064
123 288 5714 1037
119 286 5715 1025
113 285 5716 991
108 283 5717 1000
103 282 5718 972
98 280 5719 986
93 278 5720 967
88 277 5721 967
84 275 5722 975
79 273 5723 1012
73 272 5724 989
68 270 5725 1044
65 269 5726 1024
58 267 5727 1017
53 265 5728 1004
48 264 5729 1007
43 262 5730 1007
37 261 5731 1022
33 259 5732 1009
27 257 5733 1037
21 256 5734 1034
17 254 5735 1041
12 252 5736 1051
12 251 5737 1113
12 250 5738 1086
12 250 5739 1059
12 250 5740 1028
59 238 6146 1052
63 240 6147 1043
68 244 6148 1053
73 246 6149 1055
77 248 6150 1032
82 252 6151 1024
87 254 6152 1039
91 257 6153 1041
96 259 6154 1010
100 262 6155 990
104 265 6156 945
108 267 6157 951
112 269 6158 937
117 272 6159 978
121 275 6160 983
125 277 6161 986
129 280 6162 931
134 283 6163 872
138 286 6164 858
142 288 6165 823
146 290 6166 831
150 293 6167 885
154 295 6168 881
158 297 6169 932
162 301 6170 930
165 303 6171 931
169 306 6172 926
173 309 6173 919
177 311 6174 897
181 314 6175 988
184 317 6176 996
188 320 6177 1047
192 322 6178 1063
195 325 6179 1062
199 327 6180 978
202 330 6181 2254
205 333 6182 943
209 335 6183 938
213 338 6184 931
216 341 6185 870
220 343 6186 871
222 345 6187 821
226 348 6188 820
228 350 6189 850
232 353 6190 834
235 356 6191 885
238 358 6192 905
241 360 6193 984
244 363 6194 969
247 365 6195 921
249 368 6196 919
253 370 6197 911
256 373 6198 911
259 375 6199 913
262 377 6200 926
264 379 6201 924
268 382 6202 934
270 384 6203 959
273 386 6204 948
277 389 6205 977
279 392 6206 976
282 394 6207 901
285 396 6208 918
287 398 6209 953
289 400 6210 938
293 403 6211 948
295 405 6212 984
299 408 6213 995
301 410 6214 900
302 412 6215 883
306 414 6216 847
308 417 6217 925
310 418 6218 961
313 421 6219 998
315 423 6220 1041
318 425 6221 1008
321 427 6222 964
322 429 6223 946
325 430 6224 949
328 432 6225 916
330 432 6226 899
332 434 6227 894
334 435 6228 887
337 435 6229 890
340 436 6230 894
341 437 6231 878
343 439 6232 849
345 437 6233 841
344 437 6234 837
350 439 6235 843
351 439 6236 856
353 439 6237 849
355 440 6238 818
357 440 6239 882
359 440 6240 871
360 441 6241 903
381 436 6255 861
382 435 6256 865
383 434 6257 888
384 432 6258 894
386 431 6259 854
387 430 6260 842
387 429 6261 827
388 428 6262 826
388 426 6263 840
390 425 6264 834
391 424 6265 891
392 423 6266 855
392 421 6267 838
392 419 6268 821
393 418 6269 802
393 417 6270 801
394 415 6271 801
395 414 6272 810
395 412 6273 841
395 410 6274 846
396 409 6275 832
396 407 6276 832
396 405 6277 839
397 404 6278 841
397 402 6279 827
397 399 6280 821
397 397 6281 806
397 395 6282 788
397 393 6283 814
397 391 6284 809
397 389 6285 826
397 387 6286 807
397 385 6287 786
397 383 6288 783
397 380 6289 794
397 378 6290 803
397 376 6291 773
397 374 6292 765
397 372 6293 780
398 371 6294 766
398 369 6295 796
398 368 6296 812
398 367 6297 800
397 366 6298 767
397 364 6299 769
397 363 6300 747
398 362 6301 798
397 361 6302 788
398 361 6303 817
398 360 6304 783
398 360 6305 793
398 360 6306 791
397 359 6307 807
397 359 6308 792
397 360 6309 802
397 360 6310 807
397 361 6311 804
397 361 6312 775
397 362 6313 823
397 363 6314 790
397 364 6315 792
396 364 6316 779
396 365 6317 785
396 366 6318 768
397 367 6319 794
397 369 6320 790
397 369 6321 810
398 371 6322 798
398 372 6323 801
398 372 6324 810
398 373 6325 812
398 374 6326 805
399 375 6327 821
400 376 6328 883
399 376 6329 939
399 377 6330 1030
400 378 6331 1066
400 378 6332 1100
400 378 6333 1116
401 378 6334 1087
401 378 6335 1096
401 378 6336 1033
402 377 6337 1045
402 376 6338 940
403 376 6339 935
402 374 6340 908
403 374 6341 868
403 373 6342 832
404 372 6343 828
404 371 6344 828
404 369 6345 840
404 368 6346 835
406 367 6347 859
406 365 6348 858
407 363 6349 901
408 361 6350 847
409 359 6351 835
410 357 6352 819
411 355 6353 824
411 347 6354 799
411 345 6355 861
413 343 6356 857
413 341 6357 855
414 338 6358 866
414 336 6359 874
416 333 6360 845
417 331 6361 912
418 328 6362 893
414 329 6363 887
417 325 6364 896
429 312 6365 916
431 308 6366 878
433 303 6367 883
435 299 6368 861
439 295 6369 877
439 290 6370 879
442 285 6371 890
444 281 6372 869
446 277 6373 914
448 272 6374 911
449 268 6375 909
452 264 6376 914
455 259 6377 921
457 256 6378 955
460 252 6379 1035
462 248 6380 1015
466 244 6381 1030
468 241 6382 1042
470 237 6383 992
473 234 6384 990
476 230 6385 982
479 228 6386 977
482 227 6387 995
484 224 6388 961
487 222 6389 925
491 219 6390 975
493 217 6391 945
496 216 6392 915
500 216 6393 865
503 214 6394 944
506 212 6395 938
509 212 6396 954
513 212 6397 939
516 211 6398 931
519 209 6399 854
523 211 6400 845
527 210 6401 883
531 212 6402 890
535 212 6403 885
538 213 6404 881
541 214 6405 895
545 214 6406 893
548 216 6407 904
552 217 6408 875
555 218 6409 889
559 219 6410 871
561 220 6411 850
567 222 6412 856
569 223 6413 840
573 224 6414 815
577 226 6415 845
581 227 6416 809
583 229 6417 794
586 230 6418 781
590 231 6419 792
593 232 6420 789
597 234 6421 886
600 236 6422 867
604 237 6423 847
608 238 6424 836
611 240 6425 851
615 241 6426 854
618 243 6427 826
622 244 6428 829
625 245 6429 813
629 247 6430 810
632 248 6431 821
636 250 6432 829
639 251 6433 860
643 253 6434 831
645 254 6435 828
650 255 6436 876
653 256 6437 896
657 258 6438 906
661 260 6439 946
664 261 6440 927
668 263 6441 1088
671 264 6442 1042
674 265 6443 942
678 266 6444 913
683 268 6445 868
692 278 6446 839
694 280 6447 863
696 280 6448 849
698 281 6449 846
700 281 6450 820
702 282 6451 817
703 283 6452 841
705 284 6453 812
706 284 6454 818
706 286 6455 808
706 287 6456 815
701 288 6457 869
701 288 6458 830
701 288 6459 838
701 288 6460 841
701 288 6461 853
701 288 6462 855
701 288 6463 857
770 300 6469 970
774 301 6470 945
778 303 6471 967
781 303 6472 927
785 304 6473 924
789 305 6474 891
793 305 6475 881
798 305 6476 893
801 304 6477 868
804 303 6478 809
808 303 6479 836
811 302 6480 840
815 301 6481 878
819 300 6482 870
822 298 6483 841
827 297 6484 869
829 296 6485 893
833 294 6486 889
837 293 6487 916
840 292 6488 956
844 291 6489 957
847 289 6490 986
851 287 6491 953
855 286 6492 905
858 285 6493 936
862 283 6494 882
867 282 6495 874
870 281 6496 860
873 279 6497 939
876 277 6498 996
881 277 6499 1045
884 276 6500 1044
887 274 6501 1045
891 272 6502 1054
895 271 6503 991
899 270 6504 1072
904 268 6505 1121
906 266 6506 1192
910 265 6507 1231
913 262 6508 1198
917 262 6509 1176
921 260 6510 1233
925 260 6511 1203
928 258 6512 1341
932 257 6513 1314
936 255 6514 1311
940 254 6515 1177
944 253 6516 1217
948 252 6517 1267
952 250 6518 1219
956 249 6519 1188
960 247 6520 1202
964 246 6521 1349
968 244 6522 1286
973 242 6523 1199
977 242 6524 1201
981 241 6525 1151
985 239 6526 1134
990 239 6527 1163
994 238 6528 1219
998 237 6529 1232
1002 236 6530 1075
1007 236 6531 1003
1011 235 6532 992
1016 236 6533 1008
1019 235 6534 997
1024 236 6535 1074
1029 237 6536 1076
1034 239 6537 1024
1039 240 6538 1012
1045 242 6539 971
1049 243 6540 932
1055 245 6541 925
1060 247 6542 878
1065 250 6543 843
1071 253 6544 837
1076 255 6545 777
1082 257 6546 770
1086 258 6547 800
1091 261 6548 783
1096 263 6549 804
1102 265 6550 798
1108 267 6551 775
1113 269 6552 768
1119 270 6553 844
1123 272 6554 818
1129 274 6555 782
1135 276 6556 759
1140 279 6557 791
1146 281 6558 794
1151 283 6559 779
1156 285 6560 777
1162 287 6561 780
1168 289 6562 763
1174 291 6563 740
1180 293 6564 718
1186 295 6565 748
1192 297 6566 728
1198 298 6567 752
1203 300 6568 754
1209 302 6569 739
1215 304 6570 724
1221 307 6571 726
1228 308 6572 723
1233 311 6573 738
1240 312 6574 742
1246 314 6575 752
1252 316 6576 761
1258 318 6577 838
1265 319 6578 828
1271 322 6579 851
1278 324 6580 820
1284 326 6581 836
1290 328 6582 832
1297 329 6583 826
1303 331 6584 833
1309 334 6585 786
1316 335 6586 796
1322 338 6587 781
1328 339 6588 774
1336 341 6589 850
1342 342 6590 838
1349 344 6591 813
1355 346 6592 832
1361 347 6593 861
1367 349 6594 858
1370 349 6595 855
1377 350 6596 887
1389 352 6597 853
1393 352 6598 878
1401 352 6599 825
413 157 6780 671
407 167 6781 691
401 177 6782 692
395 185 6783 669
390 192 6784 664
383 199 6785 641
378 205 6786 639
371 212 6787 680
363 220 6788 655
357 226 6789 671
352 232 6790 643
349 237 6791 650
342 241 6792 649
336 243 6793 692
333 247 6794 664
330 251 6795 632
329 259 6796 636
321 271 6797 637
318 277 6798 619
315 284 6799 608
313 290 6800 608
310 295 6801 636
308 300 6802 631
296 337 6809 623
295 342 6810 628
293 345 6811 626
292 350 6812 625
291 354 6813 625
290 358 6814 616
289 362 6815 608
289 365 6816 601
285 370 6817 629
283 374 6818 622
282 378 6819 628
280 381 6820 618
279 385 6821 617
278 388 6822 617
276 391 6823 642
275 393 6824 660
273 398 6825 666
272 400 6826 658
270 403 6827 659
269 406 6828 670
268 409 6829 691
267 413 6830 677
266 416 6831 672
265 419 6832 663
263 421 6833 672
262 424 6834 655
260 427 6835 656
259 430 6836 632
257 433 6837 645
257 436 6838 640
255 437 6839 648
254 440 6840 615
252 442 6841 656
251 445 6842 644
249 446 6843 640
247 449 6844 609
246 451 6845 633
245 453 6846 608
242 453 6847 610
199 367 6894 548
198 365 6895 530
198 362 6896 526
197 359 6897 522
197 357 6898 522
195 354 6899 520
195 353 6900 516
194 349 6901 534
194 346 6902 531
193 344 6903 524
192 341 6904 525
192 338 6905 531
190 335 6906 533
190 332 6907 543
190 329 6908 531
189 326 6909 551
189 323 6910 540
188 320 6911 550
187 317 6912 535
188 315 6913 546
186 311 6914 510
187 308 6915 499
186 305 6916 497
185 302 6917 516
183 298 6918 518
184 295 6919 504
184 292 6920 522
183 289 6921 519
182 285 6922 506
183 282 6923 556
193 268 6924 549
193 266 6925 551
193 265 6926 541
193 264 6927 528
193 263 6928 525
192 262 6929 513
192 261 6930 515
192 259 6931 501
192 258 6932 503
194 258 6933 506
200 262 6934 507
201 262 6935 526
201 262 6936 522
200 262 6937 558
179 210 6942 521
178 206 6943 522
179 202 6944 493
179 198 6945 504
179 193 6946 521
179 188 6947 521
179 184 6948 511
179 179 6949 551
179 174 6950 541
179 170 6951 550
179 165 6952 589
180 160 6953 586
179 155 6954 578
180 150 6955 583
181 145 6956 594
176 126 6957 566
177 127 6958 561
178 126 6959 579
178 125 6960 555
180 124 6961 588
180 124 6962 557
180 125 6963 554
180 125 6964 537
180 125 6965 536
180 126 6966 540
180 126 6967 558
180 126 6968 549
180 126 6969 530
180 126 6970 508
192 23 6977 495
193 17 6978 526
194 16 6979 530
194 16 6980 520
196 16 6981 538
196 16 6982 536
196 16 6983 526
196 16 6984 529
196 16 6985 543
196 16 6986 503
196 16 6987 478
196 16 6988 477
196 16 6989 473
196 16 6990 493
1250 198 7329 352
1251 193 7330 354
1251 189 7331 339
1249 185 7332 344
1248 181 7333 356
1248 178 7334 353
1248 175 7335 352
1247 171 7336 349
1248 167 7337 338
1248 165 7338 334
1247 162 7339 329
1247 159 7340 339
1247 157 7341 346
1247 155 7342 344
1247 153 7343 347
1247 151 7344 350
1247 150 7345 371
1247 148 7346 359
1247 147 7347 360
1246 145 7348 359
1247 145 7349 362
1285 141 7377 359
1288 139 7378 341
1292 138 7379 346
1295 137 7380 332
1299 135 7381 353
1303 134 7382 339
1307 133 7383 334
1311 131 7384 330
1316 129 7385 320
1320 128 7386 310
1325 126 7387 323
1330 125 7388 315
1335 123 7389 335
1341 121 7390 336
1347 120 7391 337
1352 117 7392 331
1358 115 7393 356
1364 113 7394 352
1370 110 7395 367
1377 108 7396 363
1382 106 7397 346
1388 103 7398 347
1395 101 7399 354
1401 98 7400 348
1408 96 7401 351
1414 93 7402 351
1421 89 7403 349
1424 88 7404 341
1424 85 7405 357
1424 80 7406 332
1424 80 7407 331
1424 80 7408 321
760 379 7657 332
760 376 7658 327
760 373 7659 305
760 370 7660 305
760 366 7661 301
760 363 7662 295
759 360 7663 294
759 356 7664 293
759 353 7665 284
758 349 7666 281
759 346 7667 280
759 342 7668 261
759 339 7669 264
760 336 7670 262
759 331 7671 267
760 328 7672 264
760 324 7673 252
760 320 7674 260
760 316 7675 258
760 312 7676 258
761 309 7677 259
762 305 7678 272
762 302 7679 277
763 297 7680 275
763 292 7681 265
764 288 7682 263
764 283 7683 275
765 280 7684 271
766 276 7685 264
767 272 7686 264
768 268 7687 282
769 263 7688 279
770 258 7689 265
772 253 7690 258
774 249 7691 267
774 244 7692 265
776 240 7693 279
776 235 7694 275
778 231 7695 280
780 227 7696 269
781 222 7697 285
782 218 7698 271
784 215 7699 283
784 211 7700 284
787 207 7701 282
788 204 7702 281
790 201 7703 287
791 198 7704 283
793 196 7705 312
794 192 7706 307
796 190 7707 293
797 187 7708 286
799 185 7709 293
799 182 7710 291
801 181 7711 306
803 179 7712 301
805 178 7713 332
806 176 7714 321
808 175 7715 321
809 174 7716 322
810 174 7717 312
812 173 7718 296
814 172 7719 310
815 172 7720 286
816 172 7721 293
817 172 7722 290
818 171 7723 313
819 171 7724 303
820 171 7725 294
820 171 7726 287
820 172 7727 287
820 171 7728 281
820 172 7729 328
820 172 7730 322
819 172 7731 331
819 171 7732 335
818 172 7733 338
817 172 7734 331
816 172 7735 350
815 171 7736 345
813 172 7737 350
811 172 7738 348
810 171 7739 378
808 171 7740 378
806 172 7741 397
803 172 7742 379
801 171 7743 345
799 172 7744 345
796 171 7745 347
793 171 7746 323
790 171 7747 353
786 170 7748 343
783 170 7749 356
779 170 7750 351
775 168 7751 354
772 167 7752 351
767 166 7753 345
763 165 7754 350
757 163 7755 339
753 161 7756 340
747 159 7757 346
742 157 7758 343
737 155 7759 334
731 153 7760 327
725 151 7761 322
719 149 7762 326
712 148 7763 339
707 145 7764 338
699 144 7765 335
693 141 7766 333
686 138 7767 322
679 137 7768 321
673 135 7769 326
666 132 7770 318
659 130 7771 322
650 129 7772 309
643 126 7773 320
636 125 7774 296
628 122 7775 328
621 120 7776 328
613 118 7777 348
604 117 7778 356
597 115 7779 360
588 113 7780 349
582 111 7781 358
572 109 7782 348
565 106 7783 352
556 104 7784 355
549 103 7785 383
541 100 7786 377
533 98 7787 342
525 96 7788 336
517 93 7789 345
509 92 7790 343
502 90 7791 348
494 88 7792 340
486 86 7793 338
477 83 7794 334
468 81 7795 327
461 80 7796 315
453 77 7797 312
445 75 7798 307
438 73 7799 307
429 71 7800 310
421 68 7801 321
413 66 7802 320
405 64 7803 309
397 62 7804 303
390 60 7805 303
381 58 7806 303
373 55 7807 295
366 54 7808 300
357 51 7809 317
350 49 7810 305
340 46 7811 300
332 44 7812 315
325 41 7813 313
317 40 7814 318
308 37 7815 337
300 35 7816 316
292 33 7817 312
284 30 7818 303
276 28 7819 305
268 25 7820 333
260 24 7821 359
252 24 7822 376
243 24 7823 341
236 24 7824 323
228 24 7825 323
220 24 7826 318
212 24 7827 310
204 24 7828 319
1103 56 8050 278
1102 61 8051 275
1102 66 8052 269
1101 71 8053 303
1101 76 8054 324
1101 81 8055 300
1102 85 8056 292
1102 90 8057 294
1103 94 8058 290
1103 99 8059 250
1104 104 8060 245
1106 108 8061 263
1105 113 8062 287
1107 118 8063 278
1108 123 8064 298
1108 127 8065 300
1109 132 8066 313
1110 136 8067 256
1111 141 8068 247
1112 146 8069 250
1112 150 8070 264
1114 154 8071 262
1114 158 8072 256
1116 163 8073 259
1116 167 8074 262
1117 171 8075 265
1117 174 8076 266
1119 179 8077 287
1120 182 8078 280
1120 186 8079 267
1122 190 8080 275
1122 193 8081 264
1123 195 8082 262
1123 200 8083 257
1125 203 8084 245
1124 207 8085 276
1125 210 8086 277
1126 214 8087 248
1127 217 8088 246
1128 221 8089 257
1129 224 8090 257
1129 227 8091 255
1131 230 8092 281
1132 234 8093 277
1132 237 8094 271
1134 240 8095 267
1134 244 8096 256
1135 247 8097 257
1135 250 8098 264
1136 253 8099 283
1136 256 8100 279
1136 259 8101 271
1136 262 8102 265
1137 264 8103 264
1137 267 8104 265
1137 270 8105 248
1137 273 8106 249
1138 275 8107 246
1138 279 8108 255
1137 281 8109 239
1137 283 8110 259
1137 286 8111 235
1138 289 8112 235
1138 291 8113 279
1139 294 8114 263
1139 297 8115 243
1140 299 8116 232
1141 302 8117 249
1141 304 8118 250
1142 307 8119 281
1143 309 8120 243
1143 312 8121 257
1144 314 8122 317
1144 317 8123 616
1145 319 8124 244
1145 321 8125 245
1146 323 8126 250
1146 325 8127 245
1145 328 8128 230
1144 330 8129 237
1144 332 8130 233
1143 334 8131 224
1142 336 8132 231
1141 339 8133 246
1140 340 8134 226
1139 342 8135 233
1137 345 8136 237
1135 347 8137 255
1133 349 8138 232
1132 351 8139 227
1129 353 8140 227
1127 354 8141 235
1125 357 8142 227
1123 358 8143 240
1121 360 8144 238
1119 362 8145 235
1117 363 8146 239
1114 365 8147 252
1111 367 8148 252
1109 369 8149 266
1106 370 8150 263
1102 372 8151 254
1100 374 8152 251
1097 376 8153 244
1095 377 8154 257
1092 379 8155 265
1090 380 8156 262
1087 382 8157 266
1084 383 8158 266
1081 385 8159 263
1079 386 8160 267
1076 388 8161 286
1074 389 8162 276
1072 390 8163 269
1069 392 8164 264
1067 393 8165 260
1065 395 8166 252
1062 396 8167 261
1060 397 8168 255
1058 398 8169 259
1054 400 8170 247
1052 401 8171 255
1050 402 8172 256
1048 403 8173 292
1045 404 8174 289
1043 405 8175 293
1041 406 8176 294
1039 407 8177 268
1037 408 8178 271
1034 409 8179 271
1032 409 8180 264
1030 410 8181 272
1027 411 8182 275
1026 412 8183 277
1024 412 8184 284
1019 409 8185 286
1018 410 8186 291
1017 410 8187 284
1014 411 8188 276
1012 409 8189 273
1011 411 8190 271
1011 417 8191 286
1008 418 8192 270
1007 418 8193 257
1005 419 8194 264
1003 419 8195 268
1002 420 8196 266
1000 420 8197 298
998 420 8198 298
907 394 8247 276
905 393 8248 278
904 391 8249 289
902 390 8250 286
900 389 8251 287
899 387 8252 282
898 385 8253 292
896 385 8254 297
894 383 8255 295
892 381 8256 295
890 380 8257 322
889 378 8258 324
887 376 8259 318
885 374 8260 322
882 373 8261 305
880 371 8262 302
878 369 8263 303
875 367 8264 313
873 365 8265 323
870 363 8266 331
867 361 8267 345
864 360 8268 341
861 358 8269 338
857 356 8270 329
854 355 8271 322
851 353 8272 317
847 351 8273 311
843 349 8274 311
840 348 8275 310
836 346 8276 309
832 345 8277 320
828 343 8278 308
824 342 8279 315
819 340 8280 303
815 340 8281 311
810 338 8282 311
806 336 8283 300
802 335 8284 287
797 333 8285 277
793 332 8286 265
789 330 8287 281
784 328 8288 274
778 326 8289 285
775 323 8290 270
770 322 8291 258
766 318 8292 265
762 316 8293 278
758 312 8294 273
754 309 8295 256
749 305 8296 244
745 301 8297 256
740 298 8298 251
736 293 8299 243
732 289 8300 227
727 285 8301 219
722 281 8302 222
717 276 8303 236
713 272 8304 252
707 268 8305 253
703 264 8306 252
697 259 8307 240
692 255 8308 240
686 251 8309 241
681 247 8310 261
676 243 8311 246
670 239 8312 236
665 235 8313 236
660 230 8314 232
653 227 8315 227
648 223 8316 224
642 219 8317 268
636 215 8318 260
631 211 8319 251
625 207 8320 251
619 203 8321 241
613 199 8322 231
608 196 8323 225
602 192 8324 224
597 188 8325 235
591 184 8326 233
585 180 8327 236
580 176 8328 232
574 172 8329 239
568 168 8330 238
564 164 8331 240
557 160 8332 239
552 156 8333 237
548 152 8334 245
542 148 8335 248
537 144 8336 249
531 140 8337 270
526 136 8338 266
521 131 8339 274
515 128 8340 266
510 124 8341 261
505 120 8342 252
500 116 8343 242
495 112 8344 244
489 108 8345 238
484 104 8346 230
479 100 8347 242
474 96 8348 236
468 92 8349 243
463 88 8350 238
458 84 8351 234
452 79 8352 226
448 76 8353 235
443 72 8354 235
437 67 8355 238
433 63 8356 231
428 60 8357 243
424 56 8358 241
419 52 8359 244
413 48 8360 245
407 43 8361 238
402 39 8362 244
397 35 8363 242
393 31 8364 238
388 27 8365 234
384 23 8366 233
378 19 8367 226
374 19 8368 225
369 19 8369 225
365 19 8370 231
361 19 8371 230
358 19 8372 225
1102 47 8630 297
1103 48 8631 275
1104 49 8632 278
1105 50 8633 284
1105 51 8634 278
1104 53 8635 283
1106 53 8636 288
1106 55 8637 297
1106 55 8638 289
1107 56 8639 293
1107 57 8640 301
1107 57 8641 324
1106 58 8642 353
1107 58 8643 395
1107 58 8644 388
1106 58 8645 403
1107 57 8646 353
1106 57 8647 357
1105 55 8648 350
1105 54 8649 369
1105 52 8650 371
1105 50 8651 349
1105 49 8652 343
1105 46 8653 374
1104 44 8654 358
1103 42 8655 360
1104 39 8656 351
1104 36 8657 351
1103 34 8658 357
1104 31 8659 361
1103 28 8660 360
1104 28 8661 356
1104 28 8662 351
1104 28 8663 361
1104 28 8664 359
1104 28 8665 371
1105 28 8666 397
1105 28 8667 410
1106 28 8668 394
1106 28 8669 399
1106 28 8670 393
1106 28 8671 419
1161 60 8783 283
1161 63 8784 279
1162 65 8785 292
1162 68 8786 290
1162 71 8787 291
1164 73 8788 288
1163 76 8789 286
1163 79 8790 246
1163 82 8791 226
1163 85 8792 230
1162 88 8793 220
1162 90 8794 223
1163 93 8795 218
1162 95 8796 211
1162 98 8797 246
1161 101 8798 240
1161 103 8799 245
1161 106 8800 234
1161 108 8801 230
1161 111 8802 227
1160 114 8803 226
1160 116 8804 220
1161 119 8805 223
1160 122 8806 216
1160 125 8807 214
1160 127 8808 192
1160 130 8809 197
1160 133 8810 186
1160 136 8811 186
1160 138 8812 182
1160 141 8813 181
1161 143 8814 178
1161 146 8815 192
1161 148 8816 182
1162 151 8817 186
1161 154 8818 183
1161 157 8819 192
1163 159 8820 186
1163 162 8821 179
1163 165 8822 176
1163 167 8823 185
1163 171 8824 175
1163 173 8825 177
1164 176 8826 187
1164 179 8827 187
1164 182 8828 181
1164 185 8829 170
1165 188 8830 170
1163 190 8831 200
1163 195 8832 192
1164 197 8833 203
1163 200 8834 191
1163 204 8835 175
1163 207 8836 172
1163 210 8837 181
1162 213 8838 179
1162 216 8839 178
1162 221 8840 156
1162 223 8841 197
1162 226 8842 221
1161 230 8843 215
1162 232 8844 193
1162 235 8845 191
1162 238 8846 194
1161 242 8847 178
1161 244 8848 182
1162 249 8849 171
1162 252 8850 189
1162 255 8851 188
1161 258 8852 205
1162 261 8853 179
1162 265 8854 190
1163 268 8855 179
1162 271 8856 194
1162 274 8857 236
1163 278 8858 223
1162 280 8859 201
1162 283 8860 192
1163 286 8861 167
1163 289 8862 155
1163 292 8863 166
1164 295 8864 169
1164 297 8865 186
1164 300 8866 195
1164 302 8867 189
1164 304 8868 170
1164 305 8869 184
1164 307 8870 189
1164 308 8871 178
1163 309 8872 172
1163 310 8873 165
1163 310 8874 191
1163 309 8875 187
1164 310 8876 189
1163 309 8877 191
1162 309 8878 191
1161 309 8879 197
1162 309 8880 197
1161 310 8881 206
1160 310 8882 214
1159 309 8883 204
1159 308 8884 201
1157 308 8885 202
1157 308 8886 193
1155 308 8887 193
1154 306 8888 187
1153 307 8889 199
1151 306 8890 194
1150 305 8891 193
1147 305 8892 192
1146 305 8893 191
1144 305 8894 182
1142 303 8895 196
1139 303 8896 184
1138 301 8897 179
1134 302 8898 170
1133 302 8899 181
1129 301 8900 184
1127 300 8901 179
1125 299 8902 183
1121 300 8903 184
1119 299 8904 186
1116 298 8905 208
1113 297 8906 208
1110 297 8907 204
1106 297 8908 209
1103 296 8909 199
1100 296 8910 198
1098 295 8911 193
1094 294 8912 197
1091 293 8913 204
1089 293 8914 204
1087 293 8915 196
1083 292 8916 182
1081 291 8917 196
1079 292 8918 181
1076 290 8919 179
1074 291 8920 174
1072 289 8921 174
1069 289 8922 167
1067 288 8923 175
1064 287 8924 173
1063 286 8925 172
1060 287 8926 173
1057 285 8927 181
1055 285 8928 176
1053 285 8929 186
1051 284 8930 197
1048 283 8931 183
1047 282 8932 183
1044 281 8933 191
1042 281 8934 183
1040 281 8935 184
1037 279 8936 176
1035 279 8937 190
1033 278 8938 190
1031 277 8939 200
1029 276 8940 181
1027 275 8941 209
1025 274 8942 205
1022 273 8943 190
1021 272 8944 185
1017 272 8945 180
1016 271 8946 178
1014 270 8947 182
1013 270 8948 180
1010 269 8949 190
1008 268 8950 178
1006 267 8951 186
1004 267 8952 177
1002 266 8953 205
1000 265 8954 201
998 265 8955 201
997 263 8956 189
995 262 8957 203
992 260 8958 194
990 259 8959 189
988 257 8960 193
986 257 8961 186
984 255 8962 185
982 253 8963 185
980 251 8964 190
976 250 8965 198
974 248 8966 193
972 246 8967 189
967 244 8968 182
964 242 8969 189
962 240 8970 177
958 238 8971 180
955 236 8972 182
950 233 8973 179
948 230 8974 176
944 229 8975 189
939 226 8976 178
934 224 8977 214
930 222 8978 215
926 218 8979 233
921 215 8980 226
918 213 8981 209
912 209 8982 207
908 207 8983 223
904 203 8984 227
900 199 8985 242
898 196 8986 225
893 193 8987 203
889 189 8988 188
886 185 8989 232
883 181 8990 208
881 177 8991 222
878 173 8992 225
873 168 8993 215
872 163 8994 203
869 159 8995 200
866 155 8996 190
864 151 8997 184
861 146 8998 181
859 142 8999 193
856 138 9000 193
854 132 9001 200
851 127 9002 182
849 122 9003 185
847 117 9004 173
845 111 9005 170
842 106 9006 171
840 101 9007 180
838 95 9008 184
836 90 9009 198
835 84 9010 193
833 78 9011 205
832 72 9012 185
829 65 9013 239
829 60 9014 220
827 53 9015 210
826 46 9016 227
824 40 9017 227
823 32 9018 208
822 26 9019 198
821 24 9020 171
819 24 9021 190
818 24 9022 190
818 24 9023 161
1347 329 9269 342
1339 333 9270 332
1332 335 9271 342
1326 338 9272 332
1319 342 9273 311
1313 344 9274 287
1306 347 9275 298
1300 349 9276 300
1293 352 9277 360
1287 355 9278 374
1281 357 9279 352
1275 360 9280 332
1270 363 9281 295
1264 365 9282 288
1259 367 9283 311
1253 370 9284 329
1247 372 9285 365
1242 374 9286 336
1237 376 9287 362
1232 378 9288 323
1227 380 9289 377
1222 382 9290 384
1216 383 9291 415
1210 386 9292 416
1206 388 9293 393
1199 389 9294 357
1195 391 9295 364
1189 391 9296 364
1185 393 9297 387
1179 395 9298 391
1173 395 9299 418
1168 397 9300 410
1164 398 9301 427
1158 399 9302 425
1153 400 9303 411
1148 401 9304 384
1143 402 9305 344
1139 403 9306 351
1134 403 9307 353
1130 404 9308 396
1124 404 9309 435
1120 405 9310 452
1115 406 9311 437
1111 406 9312 455
1105 407 9313 478
1101 407 9314 470
1095 406 9315 471
1090 405 9316 463
1069 394 9317 482
1071 396 9318 455
1071 397 9319 460
1070 398 9320 512
1068 398 9321 504
1068 397 9322 455
1067 397 9323 506
1069 394 9324 488
1069 394 9325 498
1069 394 9326 410
833 389 9362 154
826 387 9363 144
819 386 9364 142
811 385 9365 154
804 384 9366 134
799 384 9367 137
793 382 9368 139
784 381 9369 137
779 380 9370 134
771 379 9371 144
763 377 9372 151
757 376 9373 180
750 374 9374 167
743 373 9375 165
738 371 9376 155
730 370 9377 2161
723 366 9378 153
716 365 9379 169
709 361 9380 175
702 358 9381 193
690 352 9382 7158
685 350 9383 6274
681 347 9384 6052
675 343 9385 6509
670 341 9386 5797
665 338 9387 168
652 333 9388 161
647 329 9389 241
639 325 9390 6177
632 322 9391 151
625 318 9392 144
618 315 9393 1847
611 313 9394 1952
604 309 9395 6827
597 306 9396 4035
590 303 9397 171
582 301 9398 163
575 300 9399 194
568 298 9400 145
560 297 9401 151
553 295 9402 1905
546 294 9403 152
539 293 9404 147
531 291 9405 155
525 291 9406 137
516 290 9407 142
509 289 9408 161
501 288 9409 221
493 286 9410 231
486 284 9411 226
478 282 9412 177
471 280 9413 165
464 278 9414 153
457 276 9415 188
450 274 9416 207
442 272 9417 191
436 270 9418 183
428 269 9419 194
421 268 9420 184
414 266 9421 193
405 266 9422 178
398 265 9423 185
391 264 9424 181
383 263 9425 204
377 263 9426 189
369 262 9427 186
362 262 9428 176
355 262 9429 153
347 261 9430 159
340 261 9431 138
334 261 9432 147
326 261 9433 165
319 260 9434 155
312 260 9435 160
306 260 9436 147
299 260 9437 128
292 261 9438 133
285 261 9439 147
279 261 9440 143
272 261 9441 141
267 261 9442 149
260 262 9443 159
253 262 9444 182
247 263 9445 189
241 263 9446 161
235 263 9447 157
229 264 9448 137
223 264 9449 132
217 265 9450 134
211 266 9451 134
205 267 9452 129
199 266 9453 141
193 267 9454 133
187 267 9455 149
180 268 9456 142
175 268 9457 147
170 268 9458 148
163 269 9459 134
159 269 9460 128
151 271 9461 128
145 270 9462 130
138 270 9463 127
132 270 9464 114
128 270 9465 113
119 271 9466 112
114 271 9467 116
107 271 9468 127
101 271 9469 154
94 271 9470 149
88 271 9471 146
82 271 9472 130
75 271 9473 125
69 271 9474 120
63 271 9475 130
57 271 9476 129
51 272 9477 126
45 271 9478 126
39 271 9479 132
32 271 9480 126
25 271 9481 163
18 271 9482 154
16 271 9483 156
16 271 9484 145
16 271 9485 127
16 271 9486 160
16 271 9487 156
16 271 9488 165
