525 313 923
526 311 924
524 309 925
524 307 926
523 305 927
522 303 928
521 301 929
521 299 930
521 297 931
520 294 932
520 292 933
519 289 934
519 286 935
518 284 936
517 281 937
516 278 938
516 274 939
515 271 940
514 268 941
515 264 942
513 261 943
513 258 944
513 253 945
513 249 946
512 245 947
512 241 948
513 238 949
511 233 950
512 229 951
512 224 952
511 220 953
511 215 954
511 210 955
511 205 956
510 200 957
510 195 958
509 189 959
510 184 960
509 177 961
509 174 962
509 167 963
510 162 964
510 158 965
510 153 966
509 149 967
511 142 968
511 137 969
511 132 970
511 127 971
511 122 972
512 116 973
512 111 974
513 106 975
513 101 976
515 94 977
516 89 978
516 85 979
516 81 980
516 76 981
518 71 982
519 66 983
520 61 984
520 55 985
1873 342 1425
1870 343 1426
1865 346 1427
1861 347 1428
1857 349 1429
1852 351 1430
1848 353 1431
1843 355 1432
1840 356 1433
1835 358 1434
1831 360 1435
1827 362 1436
1822 363 1437
1818 365 1438
1813 367 1439
1809 369 1440
1805 372 1441
1800 374 1442
1796 376 1443
1792 378 1444
1786 381 1445
1782 382 1446
1777 384 1447
1773 386 1448
1768 388 1449
1764 390 1450
1760 391 1451
1756 393 1452
1751 395 1453
1746 397 1454
1742 399 1455
1738 400 1456
1734 401 1457
1730 404 1458
1726 405 1459
1722 408 1460
1718 409 1461
1714 411 1462
1710 413 1463
1706 415 1464
1702 417 1465
1699 418 1466
1696 421 1467
1693 423 1468
1689 425 1469
1686 427 1470
1683 429 1471
1679 431 1472
1676 433 1473
1672 435 1474
1669 437 1475
1666 439 1476
1663 441 1477
1660 443 1478
1656 444 1479
1654 447 1480
1650 448 1481
1647 449 1482
1643 451 1483
1640 452 1484
1636 454 1485
1634 456 1486
1631 458 1487
1627 459 1488
1624 462 1489
1622 463 1490
1618 465 1491
1616 466 1492
1613 467 1493
1608 469 1494
1606 472 1495
1603 472 1496
1601 474 1497
1597 475 1498
1594 477 1499
1591 479 1500
1588 480 1501
1586 482 1502
1583 483 1503
1580 484 1504
1577 485 1505
1574 487 1506
1571 489 1507
1568 490 1508
1564 491 1509
1561 493 1510
1558 494 1511
1554 494 1512
1551 496 1513
1547 497 1514
1545 499 1515
1541 499 1516
1538 500 1517
1535 501 1518
1530 502 1519
1528 503 1520
1524 504 1521
1520 504 1522
1517 505 1523
1513 505 1524
1511 506 1525
1507 507 1526
1504 507 1527
1501 508 1528
1497 509 1529
1493 509 1530
1491 510 1531
1487 510 1532
1484 510 1533
1480 511 1534
1476 510 1535
1473 511 1536
1469 511 1537
1465 511 1538
1461 511 1539
1458 512 1540
1455 512 1541
1451 512 1542
1448 512 1543
1443 513 1544
1440 513 1545
1436 514 1546
1432 514 1547
1429 515 1548
1425 515 1549
1422 515 1550
1418 516 1551
1414 517 1552
1411 518 1553
1408 518 1554
1405 520 1555
1401 520 1556
1397 521 1557
1394 522 1558
1390 523 1559
1389 523 1560
1385 524 1561
1382 526 1562
1378 527 1563
1376 528 1564
1372 530 1565
1368 530 1566
1365 533 1567
1363 534 1568
1360 534 1569
1357 535 1570
1351 537 1571
1349 538 1572
1347 540 1573
1343 541 1574
1340 542 1575
1337 543 1576
1335 543 1577
1331 546 1578
1329 547 1579
1326 547 1580
1324 549 1581
1181 582 1620
1176 583 1621
1171 583 1622
1166 583 1623
1161 584 1624
1156 584 1625
1151 585 1626
1146 585 1627
1141 585 1628
1135 585 1629
1130 585 1630
1125 585 1631
1119 586 1632
1114 586 1633
1109 586 1634
1103 586 1635
1098 587 1636
1091 587 1637
1088 587 1638
594 548 1734
589 547 1735
585 546 1736
580 545 1737
575 543 1738
571 543 1739
566 542 1740
561 540 1741
557 539 1742
552 538 1743
547 537 1744
543 535 1745
537 534 1746
533 533 1747
528 532 1748
524 531 1749
519 529 1750
515 528 1751
510 527 1752
505 526 1753
502 523 1754
496 522 1755
492 521 1756
488 519 1757
484 518 1758
479 516 1759
475 515 1760
470 513 1761
466 512 1762
462 510 1763
458 509 1764
454 507 1765
449 506 1766
445 504 1767
440 503 1768
436 502 1769
432 500 1770
427 499 1771
423 497 1772
419 496 1773
415 494 1774
410 492 1775
406 491 1776
402 489 1777
398 488 1778
394 486 1779
389 485 1780
385 483 1781
381 482 1782
377 480 1783
374 478 1784
370 477 1785
366 475 1786
362 474 1787
357 472 1788
353 471 1789
350 469 1790
345 468 1791
341 466 1792
338 465 1793
334 463 1794
330 462 1795
326 460 1796
321 459 1797
318 457 1798
314 456 1799
311 455 1800
307 453 1801
303 452 1802
299 450 1803
296 449 1804
292 447 1805
289 446 1806
285 445 1807
281 443 1808
277 442 1809
274 440 1810
270 439 1811
267 437 1812
263 436 1813
260 435 1814
256 434 1815
253 432 1816
250 431 1817
246 429 1818
243 429 1819
240 428 1820
236 426 1821
233 424 1822
230 424 1823
226 424 1824
223 422 1825
220 421 1826
216 420 1827
213 419 1828
209 418 1829
208 416 1830
204 415 1831
201 414 1832
199 413 1833
195 412 1834
193 411 1835
189 411 1836
188 411 1837
186 409 1838
183 409 1839
181 408 1840
179 407 1841
173 405 1842
173 406 1843
171 405 1844
167 404 1845
166 403 1846
163 403 1847
161 404 1848
158 402 1849
156 401 1850
151 400 1851
150 400 1852
147 398 1853
146 398 1854
143 399 1855
142 398 1856
141 398 1857
138 397 1858
135 396 1859
134 396 1860
132 396 1861
132 397 1862
129 395 1863
128 394 1864
128 394 1865
128 394 1866
125 394 1867
124 394 1868
122 394 1869
120 394 1870
119 394 1871
118 394 1872
118 394 1873
117 394 1874
116 394 1875
115 395 1876
113 395 1877
113 394 1878
109 394 1879
109 395 1880
108 394 1881
108 395 1882
107 394 1883
107 394 1884
107 394 1885
105 393 1886
105 395 1887
103 395 1888
103 395 1889
103 395 1890
102 396 1891
101 396 1892
102 397 1893
102 397 1894
103 398 1895
103 399 1896
101 399 1897
103 399 1898
103 400 1899
103 401 1900
103 403 1901
104 403 1902
104 404 1903
102 404 1904
103 405 1905
104 405 1906
104 405 1907
105 407 1908
106 407 1909
107 408 1910
106 410 1911
107 411 1912
108 412 1913
110 412 1914
111 413 1915
110 414 1916
112 415 1917
113 416 1918
113 417 1919
114 418 1920
114 418 1921
114 420 1922
115 420 1923
115 420 1924
116 421 1925
115 422 1926
117 423 1927
117 424 1928
118 424 1929
119 424 1930
119 426 1931
119 426 1932
119 426 1933
119 427 1934
120 428 1935
122 430 1936
121 431 1937
123 432 1938
122 433 1939
122 434 1940
124 434 1941
124 436 1942
125 437 1943
126 438 1944
127 438 1945
127 438 1946
127 442 1947
128 441 1948
128 441 1949
127 443 1950
128 444 1951
128 444 1952
130 445 1953
130 446 1954
131 448 1955
130 448 1956
131 449 1957
133 448 1958
133 448 1959
132 449 1960
133 449 1961
131 450 1962
132 451 1963
131 452 1964
133 452 1965
133 453 1966
132 453 1967
135 456 1968
136 459 1969
134 458 1970
139 459 1971
142 460 1972
142 462 1973
142 464 1974
142 463 1975
143 462 1976
143 464 1977
145 463 1978
144 464 1979
143 464 1980
144 465 1981
145 465 1982
145 466 1983
146 466 1984
145 466 1985
145 467 1986
146 467 1987
148 467 1988
148 468 1989
146 468 1990
147 469 1991
147 470 1992
148 471 1993
151 472 1994
148 472 1995
148 473 1996
149 473 1997
151 475 1998
149 478 1999
150 478 2000
151 479 2001
153 479 2002
151 483 2003
151 483 2004
153 483 2005
154 483 2006
154 484 2007
154 484 2008
154 485 2009
155 486 2010
155 486 2011
155 487 2012
156 487 2013
156 488 2014
156 489 2015
155 490 2016
155 489 2017
156 489 2018
157 490 2019
156 491 2020
158 491 2021
158 491 2022
159 492 2023
158 494 2024
158 494 2025
158 494 2026
158 495 2027
159 495 2028
160 495 2029
158 495 2030
159 495 2031
158 496 2032
160 497 2033
160 497 2034
160 497 2035
160 498 2036
160 498 2037
160 498 2038
161 498 2039
162 499 2040
161 500 2041
161 500 2042
162 500 2043
162 500 2044
161 499 2045
161 499 2046
161 500 2047
161 500 2048
161 500 2049
161 499 2050
160 500 2051
160 500 2052
161 499 2053
162 499 2054
162 499 2055
162 498 2056
162 498 2057
162 498 2058
163 498 2059
163 497 2060
163 497 2061
163 497 2062
163 497 2063
163 498 2064
163 497 2065
164 497 2066
165 497 2067
163 497 2068
164 497 2069
164 497 2070
165 497 2071
165 496 2072
165 497 2073
165 497 2074
165 498 2075
165 498 2076
165 498 2077
166 498 2078
166 498 2079
166 498 2080
165 498 2081
165 498 2082
166 498 2083
166 498 2084
166 498 2085
166 497 2086
166 497 2087
167 497 2088
167 496 2089
168 496 2090
167 497 2091
167 497 2092
166 497 2093
167 497 2094
168 496 2095
168 496 2096
167 495 2097
167 494 2098
168 494 2099
170 493 2100
169 493 2101
169 493 2102
169 493 2103
169 492 2104
168 493 2105
168 493 2106
168 492 2107
168 491 2108
169 491 2109
169 491 2110
169 490 2111
169 490 2112
169 488 2113
168 488 2114
168 488 2115
169 488 2116
168 488 2117
168 488 2118
169 488 2119
169 487 2120
169 487 2121
169 487 2122
169 486 2123
169 486 2124
170 486 2125
171 485 2126
169 484 2127
170 485 2128
170 484 2129
170 484 2130
169 483 2131
170 483 2132
169 483 2133
170 483 2134
170 483 2135
170 482 2136
170 482 2137
171 481 2138
171 481 2139
171 481 2140
171 481 2141
170 481 2142
171 480 2143
170 479 2144
169 478 2145
170 477 2146
171 476 2147
170 476 2148
170 476 2149
171 474 2150
171 474 2151
170 473 2152
171 473 2153
171 472 2154
171 471 2155
170 469 2156
170 469 2157
170 468 2158
170 467 2159
170 467 2160
171 466 2161
170 466 2162
170 465 2163
170 465 2164
170 465 2165
171 464 2166
171 463 2167
170 463 2168
169 462 2169
169 461 2170
170 459 2171
170 460 2172
169 460 2173
169 459 2174
170 458 2175
169 458 2176
168 456 2177
168 455 2178
168 455 2179
168 453 2180
168 453 2181
168 451 2182
168 451 2183
168 450 2184
168 448 2185
169 447 2186
169 447 2187
169 446 2188
169 445 2189
169 444 2190
170 443 2191
169 442 2192
169 442 2193
169 442 2194
168 441 2195
169 439 2196
169 438 2197
169 437 2198
170 437 2199
171 436 2200
170 434 2201
170 434 2202
169 432 2203
169 431 2204
167 430 2205
168 429 2206
168 428 2207
168 426 2208
168 424 2209
168 423 2210
167 421 2211
167 420 2212
166 418 2213
166 417 2214
166 415 2215
166 414 2216
165 413 2217
165 411 2218
164 409 2219
165 407 2220
164 406 2221
164 404 2222
162 402 2223
161 400 2224
162 398 2225
162 395 2226
160 393 2227
159 391 2228
158 389 2229
158 386 2230
157 384 2231
158 382 2232
157 379 2233
155 377 2234
154 375 2235
153 372 2236
153 368 2237
152 366 2238
151 364 2239
150 361 2240
149 359 2241
149 356 2242
148 353 2243
147 351 2244
146 348 2245
145 345 2246
145 342 2247
144 339 2248
144 336 2249
143 334 2250
142 330 2251
142 328 2252
141 325 2253
140 323 2254
140 320 2255
139 318 2256
139 315 2257
138 312 2258
137 309 2259
136 307 2260
136 303 2261
135 301 2262
135 299 2263
134 296 2264
134 293 2265
133 291 2266
132 288 2267
132 285 2268
131 282 2269
130 280 2270
130 277 2271
129 274 2272
128 272 2273
127 269 2274
127 266 2275
127 263 2276
126 260 2277
125 258 2278
125 255 2279
124 253 2280
123 251 2281
123 249 2282
122 245 2283
121 243 2284
121 240 2285
120 238 2286
119 236 2287
119 234 2288
119 231 2289
118 228 2290
117 227 2291
117 224 2292
117 221 2293
117 219 2294
116 216 2295
116 214 2296
115 212 2297
115 209 2298
114 207 2299
114 205 2300
114 202 2301
113 200 2302
112 198 2303
112 196 2304
112 193 2305
111 192 2306
111 189 2307
110 187 2308
111 185 2309
110 183 2310
109 182 2311
109 180 2312
108 178 2313
108 175 2314
108 173 2315
107 172 2316
107 170 2317
107 169 2318
106 166 2319
106 164 2320
105 163 2321
105 161 2322
104 159 2323
104 157 2324
103 155 2325
103 154 2326
103 152 2327
103 149 2328
103 148 2329
102 146 2330
101 144 2331
100 142 2332
100 140 2333
99 137 2334
98 134 2335
98 132 2336
97 130 2337
97 127 2338
97 125 2339
95 122 2340
95 120 2341
94 117 2342
93 114 2343
92 111 2344
92 108 2345
91 105 2346
90 102 2347
90 98 2348
89 95 2349
88 93 2350
87 90 2351
86 87 2352
85 84 2353
84 81 2354
83 77 2355
83 74 2356
82 70 2357
81 67 2358
80 66 2359
79 63 2360
78 60 2361
77 56 2362
77 55 2363
76 54 2364
75 52 2365
74 51 2366
72 48 2367
71 47 2368
70 45 2369
69 44 2370
69 44 2371
67 42 2372
66 41 2373
64 40 2374
63 38 2375
62 38 2376
61 38 2377
60 38 2378
59 37 2379
58 37 2380
57 37 2381
54 37 2382
53 37 2383
53 37 2384
52 37 2385
51 37 2386
50 38 2387
47 38 2388
48 39 2389
47 39 2390
46 39 2391
45 39 2392
43 39 2393
42 40 2394
41 41 2395
41 41 2396
40 42 2397
39 43 2398
39 43 2399
38 44 2400
38 45 2401
36 46 2402
36 47 2403
36 48 2404
35 49 2405
34 49 2406
34 51 2407
33 52 2408
33 53 2409
32 54 2410
32 56 2411
31 58 2412
31 59 2413
31 61 2414
31 63 2415
30 65 2416
30 67 2417
30 69 2418
29 70 2419
28 71 2420
29 73 2421
28 76 2422
27 78 2423
28 80 2424
27 82 2425
27 84 2426
27 87 2427
27 88 2428
27 91 2429
26 93 2430
26 95 2431
26 98 2432
26 100 2433
26 102 2434
26 104 2435
26 107 2436
26 109 2437
27 112 2438
26 115 2439
27 117 2440
26 120 2441
27 123 2442
26 126 2443
27 129 2444
27 132 2445
26 135 2446
26 137 2447
26 140 2448
26 142 2449
26 145 2450
26 149 2451
26 151 2452
26 154 2453
26 157 2454
26 160 2455
26 164 2456
26 167 2457
26 170 2458
26 173 2459
26 175 2460
27 178 2461
27 182 2462
27 185 2463
26 188 2464
26 191 2465
27 194 2466
28 197 2467
27 200 2468
27 203 2469
27 207 2470
26 210 2471
26 214 2472
26 217 2473
27 220 2474
26 223 2475
26 227 2476
26 229 2477
26 232 2478
26 234 2479
27 236 2480
27 236 2481
27 238 2482
28 238 2483
29 239 2484
29 239 2485
29 239 2486
31 239 2487
31 239 2488
31 239 2489
32 239 2490
32 238 2491
33 239 2492
33 238 2493
34 239 2494
34 238 2495
35 239 2496
35 239 2497
35 239 2498
36 238 2499
36 239 2500
36 239 2501
36 239 2502
36 239 2503
37 239 2504
36 240 2505
37 241 2506
38 242 2507
38 244 2508
38 246 2509
38 248 2510
39 250 2511
39 253 2512
38 255 2513
40 258 2514
40 261 2515
40 264 2516
41 267 2517
41 270 2518
41 274 2519
42 277 2520
41 281 2521
42 284 2522
42 287 2523
43 290 2524
42 293 2525
43 296 2526
44 299 2527
45 302 2528
45 304 2529
45 307 2530
46 310 2531
46 313 2532
46 316 2533
46 318 2534
47 320 2535
46 322 2536
48 323 2537
48 324 2538
49 325 2539
49 326 2540
50 326 2541
49 327 2542
51 327 2543
51 326 2544
52 327 2545
53 327 2546
54 327 2547
55 327 2548
56 327 2549
57 327 2550
58 328 2551
59 328 2552
60 328 2553
60 328 2554
61 329 2555
62 329 2556
63 329 2557
64 330 2558
65 330 2559
66 330 2560
66 331 2561
68 331 2562
69 332 2563
69 332 2564
70 332 2565
70 333 2566
72 333 2567
72 334 2568
73 334 2569
74 333 2570
75 333 2571
76 333 2572
76 334 2573
78 334 2574
78 334 2575
78 335 2576
79 335 2577
79 335 2578
80 335 2579
82 335 2580
82 336 2581
83 336 2582
84 336 2583
85 337 2584
86 337 2585
86 337 2586
88 338 2587
88 338 2588
89 339 2589
90 339 2590
91 339 2591
92 340 2592
92 341 2593
92 341 2594
93 341 2595
94 342 2596
95 342 2597
95 344 2598
97 344 2599
97 344 2600
99 344 2601
99 345 2602
100 346 2603
100 347 2604
101 347 2605
102 348 2606
102 349 2607
102 350 2608
104 350 2609
103 351 2610
104 352 2611
105 353 2612
105 354 2613
106 355 2614
106 356 2615
107 356 2616
107 358 2617
107 358 2618
108 359 2619
108 361 2620
109 362 2621
109 363 2622
109 363 2623
111 365 2624
112 366 2625
111 367 2626
112 369 2627
113 369 2628
114 370 2629
114 371 2630
115 372 2631
115 374 2632
115 374 2633
116 376 2634
117 376 2635
118 377 2636
120 378 2637
119 378 2638
120 379 2639
120 380 2640
120 381 2641
122 382 2642
121 382 2643
122 383 2644
122 384 2645
123 384 2646
124 385 2647
124 386 2648
124 387 2649
125 387 2650
126 388 2651
126 389 2652
127 389 2653
127 390 2654
127 391 2655
128 391 2656
129 392 2657
128 393 2658
130 393 2659
130 394 2660
131 394 2661
131 395 2662
131 395 2663
132 395 2664
133 396 2665
133 397 2666
133 398 2667
133 398 2668
135 399 2669
135 399 2670
135 400 2671
136 400 2672
136 400 2673
137 401 2674
137 401 2675
136 402 2676
138 402 2677
138 402 2678
138 403 2679
138 404 2680
139 405 2681
140 406 2682
140 405 2683
140 407 2684
140 407 2685
140 407 2686
141 408 2687
141 409 2688
142 409 2689
141 409 2690
142 409 2691
142 410 2692
143 410 2693
143 411 2694
143 411 2695
143 411 2696
143 410 2697
144 410 2698
143 410 2699
145 410 2700
145 410 2701
145 410 2702
145 410 2703
145 410 2704
144 410 2705
144 410 2706
145 410 2707
145 410 2708
145 410 2709
145 410 2710
145 410 2711
146 410 2712
147 410 2713
146 410 2714
147 410 2715
147 411 2716
147 411 2717
146 411 2718
147 410 2719
147 410 2720
148 410 2721
148 410 2722
148 410 2723
148 411 2724
149 410 2725
149 409 2726
148 409 2727
148 409 2728
149 408 2729
150 408 2730
150 407 2731
151 407 2732
151 407 2733
152 406 2734
151 407 2735
152 407 2736
152 407 2737
153 406 2738
153 405 2739
153 405 2740
154 405 2741
154 404 2742
155 403 2743
155 402 2744
155 400 2745
155 399 2746
156 398 2747
156 397 2748
156 396 2749
158 395 2750
157 394 2751
157 392 2752
157 391 2753
158 390 2754
158 389 2755
158 388 2756
159 386 2757
158 385 2758
159 384 2759
159 383 2760
159 382 2761
159 381 2762
160 380 2763
161 378 2764
160 378 2765
160 377 2766
161 377 2767
160 375 2768
161 373 2769
160 373 2770
161 371 2771
161 370 2772
162 369 2773
163 368 2774
163 367 2775
163 367 2776
163 365 2777
164 364 2778
163 363 2779
163 363 2780
164 362 2781
164 361 2782
164 361 2783
165 360 2784
165 359 2785
166 359 2786
165 358 2787
165 356 2788
166 356 2789
166 356 2790
166 355 2791
166 355 2792
166 354 2793
166 353 2794
166 352 2795
166 352 2796
167 351 2797
167 351 2798
166 350 2799
167 349 2800
166 349 2801
166 348 2802
166 348 2803
167 347 2804
166 347 2805
166 346 2806
166 346 2807
166 345 2808
166 345 2809
166 345 2810
166 344 2811
167 344 2812
166 344 2813
166 343 2814
165 343 2815
166 342 2816
166 342 2817
166 342 2818
166 341 2819
165 341 2820
165 341 2821
165 341 2822
165 341 2823
165 340 2824
164 340 2825
164 340 2826
164 340 2827
165 339 2828
166 339 2829
165 339 2830
165 339 2831
165 339 2832
165 339 2833
166 339 2834
166 339 2835
166 339 2836
165 339 2837
166 338 2838
166 338 2839
166 338 2840
166 339 2841
166 338 2842
166 338 2843
167 338 2844
166 338 2845
166 338 2846
166 338 2847
167 338 2848
168 338 2849
167 338 2850
167 338 2851
167 338 2852
167 338 2853
167 338 2854
167 338 2855
167 339 2856
167 338 2857
167 338 2858
166 339 2859
167 338 2860
167 338 2861
166 338 2862
167 338 2863
166 338 2864
167 338 2865
166 338 2866
166 338 2867
167 338 2868
166 338 2869
167 338 2870
167 338 2871
167 338 2872
166 337 2873
166 337 2874
166 337 2875
166 337 2876
166 337 2877
166 337 2878
166 337 2879
166 337 2880
165 336 2881
166 336 2882
166 336 2883
166 336 2884
167 336 2885
166 336 2886
166 336 2887
167 336 2888
167 335 2889
167 336 2890
167 336 2891
167 336 2892
167 336 2893
167 336 2894
167 336 2895
167 335 2896
167 335 2897
167 335 2898
168 335 2899
168 335 2900
167 335 2901
167 335 2902
167 335 2903
167 335 2904
168 335 2905
167 335 2906
167 335 2907
167 335 2908
168 335 2909
167 335 2910
167 335 2911
167 335 2912
167 335 2913
168 334 2914
168 334 2915
167 333 2916
167 334 2917
167 334 2918
167 334 2919
167 333 2920
167 333 2921
167 333 2922
167 333 2923
167 332 2924
167 332 2925
167 332 2926
167 332 2927
167 332 2928
167 331 2929
167 331 2930
167 331 2931
166 331 2932
166 331 2933
167 330 2934
166 330 2935
165 330 2936
165 330 2937
165 330 2938
165 329 2939
165 329 2940
165 329 2941
165 329 2942
164 329 2943
165 328 2944
165 328 2945
164 328 2946
164 328 2947
164 327 2948
163 327 2949
164 327 2950
164 326 2951
164 327 2952
163 327 2953
163 327 2954
163 327 2955
163 327 2956
163 326 2957
163 326 2958
163 326 2959
163 326 2960
163 326 2961
164 326 2962
164 326 2963
164 326 2964
163 326 2965
164 326 2966
164 326 2967
164 325 2968
165 325 2969
165 325 2970
165 325 2971
165 325 2972
165 325 2973
165 325 2974
166 325 2975
166 325 2976
165 325 2977
166 325 2978
165 325 2979
166 325 2980
166 325 2981
166 326 2982
167 326 2983
167 326 2984
166 326 2985
166 326 2986
166 326 2987
167 326 2988
167 326 2989
167 326 2990
167 326 2991
166 326 2992
167 326 2993
166 326 2994
166 325 2995
165 325 2996
165 325 2997
165 325 2998
166 325 2999
166 325 3000
165 325 3001
166 325 3002
165 324 3003
165 324 3004
165 324 3005
165 324 3006
165 324 3007
166 323 3008
166 323 3009
167 323 3010
168 323 3011
168 323 3012
170 323 3013
171 323 3014
173 323 3015
174 323 3016
176 323 3017
177 323 3018
180 324 3019
181 324 3020
183 324 3021
186 324 3022
188 324 3023
190 325 3024
192 325 3025
193 325 3026
195 325 3027
197 325 3028
199 325 3029
201 326 3030
202 326 3031
203 326 3032
204 326 3033
206 326 3034
207 327 3035
209 327 3036
210 327 3037
210 327 3038
212 327 3039
212 327 3040
212 327 3041
213 328 3042
214 328 3043
215 328 3044
216 328 3045
216 328 3046
218 327 3047
218 327 3048
219 327 3049
221 328 3050
222 328 3051
224 328 3052
226 328 3053
228 328 3054
230 327 3055
233 327 3056
235 327 3057
237 327 3058
239 327 3059
241 327 3060
245 327 3061
247 327 3062
250 328 3063
253 328 3064
255 328 3065
257 328 3066
260 328 3067
263 328 3068
266 328 3069
268 328 3070
271 329 3071
273 329 3072
276 329 3073
279 329 3074
280 329 3075
283 329 3076
285 329 3077
287 330 3078
289 330 3079
291 330 3080
292 330 3081
295 330 3082
296 330 3083
298 330 3084
299 331 3085
302 331 3086
303 331 3087
305 331 3088
306 331 3089
307 331 3090
308 331 3091
310 331 3092
310 331 3093
311 331 3094
312 332 3095
311 332 3096
313 332 3097
313 332 3098
314 332 3099
312 331 3100
313 332 3101
314 332 3102
313 332 3103
312 333 3104
313 333 3105
312 333 3106
312 333 3107
312 333 3108
312 333 3109
313 332 3110
313 332 3111
314 332 3112
314 332 3113
315 332 3114
316 332 3115
317 333 3116
319 333 3117
321 333 3118
322 333 3119
324 333 3120
325 333 3121
328 334 3122
330 333 3123
333 334 3124
334 334 3125
336 335 3126
339 334 3127
341 335 3128
343 335 3129
345 335 3130
347 335 3131
349 336 3132
351 336 3133
352 336 3134
355 336 3135
356 336 3136
357 336 3137
357 337 3138
358 337 3139
360 336 3140
361 336 3141
361 337 3142
362 337 3143
363 336 3144
362 337 3145
362 336 3146
362 337 3147
361 336 3148
361 336 3149
361 337 3150
361 336 3151
360 337 3152
360 336 3153
359 336 3154
359 336 3155
359 336 3156
358 336 3157
358 335 3158
358 335 3159
358 335 3160
358 335 3161
356 335 3162
357 334 3163
357 334 3164
358 334 3165
357 333 3166
357 334 3167
357 334 3168
358 333 3169
357 333 3170
357 333 3171
357 333 3172
357 333 3173
356 334 3174
357 334 3175
357 334 3176
356 334 3177
357 334 3178
357 333 3179
357 333 3180
356 333 3181
356 333 3182
356 333 3183
357 333 3184
356 334 3185
355 334 3186
355 333 3187
355 333 3188
355 333 3189
354 333 3190
354 334 3191
355 333 3192
354 333 3193
354 333 3194
355 333 3195
354 333 3196
353 333 3197
354 333 3198
354 332 3199
355 332 3200
356 333 3201
357 333 3202
358 333 3203
358 334 3204
358 334 3205
360 333 3206
362 333 3207
363 334 3208
365 334 3209
367 334 3210
369 334 3211
372 334 3212
374 334 3213
376 334 3214
380 336 3215
384 336 3216
387 336 3217
390 336 3218
394 338 3219
397 338 3220
401 338 3221
406 339 3222
410 340 3223
415 340 3224
420 340 3225
424 341 3226
430 342 3227
435 342 3228
439 343 3229
444 344 3230
449 344 3231
455 344 3232
459 345 3233
464 345 3234
470 345 3235
475 347 3236
480 347 3237
484 347 3238
490 347 3239
494 348 3240
499 349 3241
504 349 3242
508 350 3243
514 350 3244
517 350 3245
522 351 3246
527 351 3247
532 352 3248
536 352 3249
540 352 3250
543 352 3251
546 354 3252
551 354 3253
554 355 3254
557 355 3255
559 355 3256
562 356 3257
565 356 3258
567 356 3259
570 357 3260
572 358 3261
573 358 3262
576 358 3263
578 358 3264
579 358 3265
580 358 3266
582 358 3267
583 358 3268
585 358 3269
586 358 3270
587 358 3271
589 358 3272
590 359 3273
591 359 3274
591 359 3275
592 358 3276
592 358 3277
592 358 3278
593 358 3279
593 359 3280
594 359 3281
592 358 3282
592 358 3283
592 358 3284
593 358 3285
592 358 3286
591 358 3287
591 358 3288
590 358 3289
590 358 3290
590 358 3291
590 358 3292
590 358 3293
590 358 3294
590 358 3295
590 358 3296
590 358 3297
591 358 3298
590 358 3299
590 358 3300
591 358 3301
591 358 3302
591 358 3303
591 358 3304
591 358 3305
591 357 3306
592 357 3307
592 358 3308
593 358 3309
593 358 3310
592 358 3311
592 358 3312
593 358 3313
592 358 3314
593 358 3315
592 358 3316
593 358 3317
592 358 3318
593 358 3319
593 358 3320
593 358 3321
592 357 3322
592 357 3323
592 357 3324
593 358 3325
592 358 3326
592 358 3327
592 358 3328
593 357 3329
592 356 3330
592 357 3331
591 357 3332
592 357 3333
592 356 3334
592 356 3335
592 355 3336
591 355 3337
592 355 3338
591 355 3339
590 355 3340
591 355 3341
591 354 3342
591 354 3343
591 354 3344
591 355 3345
591 354 3346
590 354 3347
590 353 3348
590 353 3349
590 353 3350
590 353 3351
590 353 3352
589 353 3353
590 353 3354
590 353 3355
589 353 3356
589 353 3357
590 353 3358
590 353 3359
589 353 3360
590 353 3361
589 353 3362
589 353 3363
589 352 3364
589 352 3365
589 351 3366
589 351 3367
589 351 3368
589 351 3369
589 350 3370
589 350 3371
589 350 3372
590 350 3373
590 349 3374
589 349 3375
589 350 3376
589 350 3377
589 349 3378
590 350 3379
590 350 3380
590 350 3381
590 349 3382
590 350 3383
590 350 3384
589 350 3385
590 350 3386
590 350 3387
589 349 3388
589 349 3389
590 349 3390
589 350 3391
590 350 3392
590 349 3393
590 350 3394
590 350 3395
589 350 3396
589 350 3397
589 350 3398
589 351 3399
589 351 3400
589 351 3401
589 350 3402
589 350 3403
589 350 3404
588 351 3405
589 351 3406
588 351 3407
589 351 3408
589 351 3409
588 351 3410
588 351 3411
589 352 3412
588 352 3413
589 352 3414
588 352 3415
589 352 3416
588 352 3417
588 352 3418
588 352 3419
588 352 3420
588 352 3421
588 352 3422
588 352 3423
588 351 3424
587 351 3425
587 351 3426
588 351 3427
587 351 3428
588 351 3429
587 351 3430
587 352 3431
587 352 3432
587 352 3433
587 352 3434
588 352 3435
587 352 3436
587 352 3437
587 352 3438
588 352 3439
587 352 3440
587 352 3441
587 352 3442
588 352 3443
587 352 3444
587 352 3445
587 352 3446
587 352 3447
587 351 3448
587 351 3449
588 350 3450
588 350 3451
588 351 3452
588 351 3453
588 350 3454
587 350 3455
588 351 3456
587 350 3457
588 351 3458
588 351 3459
588 351 3460
588 350 3461
588 350 3462
587 349 3463
588 349 3464
588 349 3465
587 349 3466
587 349 3467
587 349 3468
588 349 3469
588 349 3470
587 349 3471
587 349 3472
588 349 3473
588 349 3474
588 349 3475
587 349 3476
588 349 3477
588 349 3478
589 349 3479
588 349 3480
589 348 3481
589 349 3482
588 348 3483
589 348 3484
589 348 3485
588 348 3486
589 348 3487
589 348 3488
589 347 3489
588 348 3490
589 348 3491
589 348 3492
589 348 3493
589 348 3494
589 348 3495
589 348 3496
590 347 3497
589 347 3498
589 347 3499
590 347 3500
589 348 3501
589 347 3502
589 347 3503
590 347 3504
590 347 3505
589 347 3506
590 347 3507
589 347 3508
590 347 3509
589 346 3510
590 346 3511
590 346 3512
590 346 3513
590 346 3514
590 346 3515
590 346 3516
589 346 3517
590 346 3518
590 347 3519
590 346 3520
590 347 3521
590 347 3522
589 346 3523
589 346 3524
588 346 3525
589 346 3526
590 346 3527
589 346 3528
590 347 3529
590 347 3530
590 346 3531
591 346 3532
591 346 3533
591 347 3534
592 348 3535
592 348 3536
594 347 3537
594 348 3538
595 348 3539
598 348 3540
598 348 3541
599 348 3542
601 348 3543
604 348 3544
605 347 3545
608 347 3546
611 347 3547
614 346 3548
617 345 3549
619 345 3550
622 344 3551
626 343 3552
629 343 3553
633 342 3554
636 341 3555
640 340 3556
643 339 3557
647 338 3558
650 337 3559
654 335 3560
659 335 3561
663 334 3562
667 331 3563
672 330 3564
677 329 3565
682 327 3566
687 326 3567
691 324 3568
697 321 3569
701 320 3570
707 317 3571
713 315 3572
719 312 3573
725 310 3574
731 307 3575
738 305 3576
745 302 3577
751 300 3578
758 297 3579
765 294 3580
773 291 3581
780 288 3582
788 285 3583
796 281 3584
803 278 3585
812 274 3586
821 272 3587
829 267 3588
838 264 3589
847 260 3590
857 256 3591
865 252 3592
875 249 3593
884 243 3594
894 238 3595
903 232 3596
914 227 3597
925 223 3598
934 218 3599
945 213 3600
955 207 3601
966 202 3602
976 198 3603
987 191 3604
999 187 3605
1009 181 3606
1020 175 3607
1030 168 3608
1041 161 3609
1053 155 3610
1065 148 3611
1076 143 3612
1086 136 3613
1098 129 3614
1110 122 3615
1121 115 3616
1135 109 3617
1146 102 3618
1159 96 3619
1170 88 3620
1183 82 3621
1197 75 3622
1211 68 3623
1221 59 3624
1234 54 3625
1247 47 3626
1262 41 3627
1277 33 3628
1847 159 3745
1836 166 3746
1827 173 3747
1816 181 3748
1807 189 3749
1797 196 3750
1787 203 3751
1778 209 3752
1769 214 3753
1762 221 3754
1753 227 3755
1743 234 3756
1734 241 3757
1727 247 3758
1720 252 3759
1713 258 3760
1706 264 3761
1699 270 3762
1693 275 3763
1684 281 3764
1676 287 3765
1669 292 3766
1662 298 3767
1656 302 3768
1650 307 3769
1643 312 3770
1638 317 3771
1631 321 3772
1625 327 3773
1618 332 3774
1611 338 3775
1604 343 3776
1599 348 3777
1593 352 3778
1588 357 3779
1583 361 3780
1576 366 3781
1571 370 3782
1565 375 3783
1560 380 3784
1555 384 3785
1549 388 3786
1544 392 3787
1539 396 3788
1534 400 3789
1529 405 3790
1523 409 3791
1518 412 3792
1514 416 3793
1509 420 3794
1505 425 3795
1501 428 3796
1495 431 3797
1490 435 3798
1486 439 3799
1481 442 3800
1476 447 3801
1473 449 3802
1467 453 3803
1464 457 3804
1458 460 3805
1454 464 3806
1449 468 3807
1446 471 3808
1441 474 3809
1437 477 3810
1433 479 3811
1430 482 3812
1425 485 3813
1420 487 3814
1417 488 3815
1414 490 3816
1410 490 3817
1406 492 3818
1403 492 3819
1399 492 3820
1396 492 3821
1392 492 3822
1389 492 3823
1386 491 3824
1383 489 3825
1380 488 3826
1376 487 3827
1373 485 3828
1370 486 3829
1367 484 3830
1364 483 3831
1361 482 3832
1358 481 3833
1355 480 3834
1352 479 3835
1349 477 3836
1346 476 3837
1343 475 3838
1341 475 3839
1338 473 3840
1335 471 3841
1332 470 3842
1329 469 3843
1327 468 3844
1324 466 3845
1322 466 3846
1319 464 3847
1317 463 3848
1314 462 3849
1311 461 3850
1309 459 3851
1306 458 3852
1304 456 3853
1302 455 3854
1300 454 3855
1297 453 3856
1296 451 3857
1294 450 3858
1291 449 3859
1290 448 3860
1288 447 3861
1286 445 3862
1284 444 3863
1283 443 3864
1280 441 3865
1278 440 3866
1277 438 3867
1275 437 3868
1274 436 3869
1272 435 3870
1270 433 3871
1269 432 3872
1267 430 3873
1266 429 3874
1264 427 3875
1262 426 3876
1261 424 3877
1259 422 3878
1259 421 3879
1257 419 3880
1256 417 3881
1255 416 3882
1254 414 3883
1252 412 3884
1252 410 3885
1251 408 3886
1250 406 3887
1248 404 3888
1248 402 3889
1247 400 3890
1246 398 3891
1246 396 3892
1245 394 3893
1244 392 3894
1244 390 3895
1243 388 3896
1242 386 3897
1242 383 3898
1241 381 3899
1240 379 3900
1239 377 3901
1238 374 3902
1239 372 3903
1238 370 3904
1238 367 3905
1238 365 3906
1237 362 3907
1237 360 3908
1237 357 3909
1236 354 3910
1237 352 3911
1236 349 3912
1238 346 3913
1238 344 3914
1239 341 3915
1239 339 3916
1240 336 3917
1241 334 3918
1241 331 3919
1242 329 3920
1243 327 3921
1244 325 3922
1245 323 3923
1246 321 3924
1248 319 3925
1250 317 3926
1251 315 3927
1253 312 3928
1255 310 3929
1258 308 3930
1260 305 3931
1263 303 3932
1265 301 3933
1267 298 3934
1270 295 3935
1273 293 3936
1276 290 3937
1280 288 3938
1283 285 3939
1286 282 3940
1290 279 3941
1293 276 3942
1297 273 3943
1301 270 3944
1305 267 3945
1309 263 3946
1313 261 3947
1318 258 3948
1323 254 3949
1327 251 3950
1331 247 3951
1336 244 3952
1341 240 3953
1346 236 3954
1351 232 3955
1357 229 3956
1362 225 3957
1368 221 3958
1373 218 3959
1378 214 3960
1385 210 3961
1390 206 3962
1396 201 3963
1402 197 3964
1408 193 3965
1414 189 3966
1420 184 3967
1426 179 3968
1433 175 3969
1439 170 3970
1444 166 3971
1450 161 3972
1456 156 3973
1462 151 3974
1468 146 3975
1474 142 3976
1479 137 3977
1485 132 3978
1490 127 3979
1495 123 3980
1500 117 3981
1505 113 3982
1510 108 3983
1514 103 3984
1519 99 3985
1524 94 3986
1528 89 3987
1533 84 3988
1538 79 3989
1543 73 3990
1548 68 3991
1553 63 3992
1558 57 3993
1564 52 3994
1569 46 3995
1346 51 4326
1343 55 4327
1338 61 4328
1334 65 4329
1330 71 4330
1324 77 4331
1319 83 4332
1315 89 4333
1309 94 4334
1303 99 4335
1297 105 4336
1292 110 4337
1285 117 4338
1280 122 4339
1273 128 4340
1266 133 4341
1259 138 4342
1253 141 4343
1246 146 4344
1239 150 4345
1232 154 4346
1226 157 4347
1219 162 4348
1212 164 4349
1206 168 4350
1199 170 4351
1194 174 4352
1187 177 4353
1181 180 4354
1175 184 4355
1169 186 4356
1162 188 4357
1157 193 4358
1151 195 4359
1145 199 4360
1140 202 4361
1134 205 4362
1128 208 4363
1122 211 4364
1116 214 4365
1111 217 4366
1104 221 4367
1099 226 4368
1094 229 4369
1088 232 4370
1081 236 4371
1075 240 4372
1069 245 4373
1063 249 4374
1057 252 4375
1052 256 4376
1045 260 4377
1039 264 4378
1034 267 4379
1029 271 4380
1024 274 4381
1018 279 4382
1013 282 4383
1008 285 4384
1003 291 4385
998 293 4386
993 296 4387
988 300 4388
985 304 4389
980 308 4390
975 311 4391
971 315 4392
966 319 4393
961 322 4394
957 326 4395
951 330 4396
947 333 4397
942 336 4398
936 341 4399
932 344 4400
926 348 4401
920 352 4402
914 355 4403
908 358 4404
902 362 4405
895 365 4406
889 369 4407
881 372 4408
875 375 4409
867 379 4410
859 382 4411
851 385 4412
844 387 4413
835 391 4414
826 394 4415
818 397 4416
810 400 4417
800 403 4418
791 407 4419
781 409 4420
772 411 4421
763 413 4422
752 417 4423
741 420 4424
732 423 4425
720 425 4426
710 428 4427
699 430 4428
689 433 4429
677 436 4430
665 439 4431
654 441 4432
643 444 4433
632 446 4434
621 449 4435
609 452 4436
597 453 4437
585 456 4438
574 458 4439
563 461 4440
552 463 4441
540 464 4442
529 466 4443
518 469 4444
507 470 4445
496 472 4446
486 474 4447
476 476 4448
465 478 4449
455 479 4450
445 482 4451
434 484 4452
425 486 4453
414 487 4454
404 489 4455
394 490 4456
384 493 4457
374 494 4458
365 498 4459
356 499 4460
347 501 4461
339 501 4462
329 504 4463
321 505 4464
313 507 4465
305 508 4466
297 509 4467
289 510 4468
282 512 4469
275 513 4470
269 515 4471
261 516 4472
254 518 4473
247 519 4474
240 520 4475
234 521 4476
227 523 4477
221 523 4478
214 525 4479
208 525 4480
202 527 4481
194 528 4482
190 530 4483
183 531 4484
178 531 4485
171 532 4486
167 535 4487
160 536 4488
155 537 4489
150 537 4490
141 539 4491
136 539 4492
130 540 4493
124 542 4494
118 543 4495
114 546 4496
109 548 4497
106 549 4498
104 549 4499
99 552 4500
93 552 4501
86 555 4502
77 559 4503
74 561 4504
72 561 4505
66 564 4506
61 565 4507
56 565 4508
52 564 4509
52 564 4510
46 566 4511
58 684 4664
60 686 4665
63 688 4666
65 689 4667
67 690 4668
68 690 4669
69 691 4670
70 692 4671
71 692 4672
72 695 4673
74 695 4674
73 694 4675
74 695 4676
79 696 4677
77 698 4678
79 698 4679
78 697 4680
80 698 4681
80 697 4682
81 699 4683
81 701 4684
82 701 4685
82 700 4686
81 701 4687
80 702 4688
83 703 4689
82 703 4690
82 703 4691
81 703 4692
81 704 4693
81 704 4694
79 703 4695
80 706 4696
79 705 4697
79 705 4698
79 706 4699
77 706 4700
79 706 4701
79 707 4702
78 707 4703
77 706 4704
76 705 4705
77 706 4706
74 705 4707
74 705 4708
75 707 4709
74 706 4710
75 706 4711
75 707 4712
75 707 4713
75 707 4714
76 707 4715
76 707 4716
77 707 4717
77 707 4718
77 707 4719
76 707 4720
75 707 4721
74 706 4722
74 707 4723
75 707 4724
75 707 4725
75 707 4726
74 707 4727
73 707 4728
74 708 4729
73 707 4730
73 707 4731
73 706 4732
73 706 4733
73 706 4734
75 706 4735
76 706 4736
76 707 4737
78 708 4738
75 705 4739
74 705 4740
78 706 4741
74 705 4742
75 705 4743
77 705 4744
76 705 4745
76 705 4746
77 705 4747
76 704 4748
76 704 4749
73 702 4750
75 703 4751
75 702 4752
75 703 4753
77 702 4754
75 703 4755
74 703 4756
74 703 4757
73 703 4758
72 700 4759
72 701 4760
75 703 4761
75 702 4762
75 702 4763
73 700 4764
75 700 4765
75 700 4766
76 701 4767
75 700 4768
75 700 4769
73 698 4770
72 699 4771
75 699 4772
76 699 4773
74 699 4774
75 699 4775
73 699 4776
74 699 4777
75 699 4778
75 700 4779
75 699 4780
75 699 4781
75 699 4782
74 699 4783
77 697 4784
72 697 4785
75 697 4786
73 695 4787
75 694 4788
75 694 4789
72 690 4790
73 688 4791
75 687 4792
75 684 4793
74 683 4794
77 684 4795
76 677 4796
75 673 4797
75 669 4798
77 665 4799
74 659 4800
78 657 4801
79 652 4802
81 648 4803
78 641 4804
76 637 4805
79 632 4806
81 628 4807
79 616 4808
80 618 4809
83 614 4810
78 601 4811
81 599 4812
83 591 4813
88 580 4814
79 573 4815
84 567 4816
86 559 4817
85 552 4818
87 543 4819
83 533 4820
84 528 4821
87 519 4822
89 513 4823
85 503 4824
96 487 4825
90 480 4826
96 476 4827
98 461 4828
90 457 4829
93 448 4830
87 439 4831
89 431 4832
88 422 4833
91 413 4834
90 405 4835
90 397 4836
91 388 4837
90 380 4838
92 371 4839
93 361 4840
94 354 4841
95 346 4842
95 337 4843
96 330 4844
96 321 4845
97 312 4846
96 305 4847
98 296 4848
98 288 4849
97 280 4850
99 271 4851
99 263 4852
101 255 4853
100 247 4854
101 239 4855
101 231 4856
103 223 4857
103 216 4858
103 207 4859
105 200 4860
104 191 4861
104 184 4862
105 176 4863
105 168 4864
105 160 4865
107 152 4866
108 144 4867
107 136 4868
107 128 4869
108 121 4870
108 113 4871
109 105 4872
109 97 4873
109 90 4874
109 82 4875
110 74 4876
109 66 4877
110 58 4878
111 51 4879
110 43 4880
112 36 4881
