915 192 899
911 190 900
918 189 901
925 191 902
931 190 903
937 190 904
946 190 905
951 189 906
958 189 907
966 187 908
974 189 909
985 189 910
993 189 911
1001 188 912
1011 189 913
1019 187 914
1030 188 915
1042 189 916
1050 187 917
1062 188 918
1074 188 919
1084 188 920
1095 188 921
1106 188 922
1120 189 923
1133 189 924
1146 190 925
1157 189 926
1171 191 927
1184 191 928
1197 191 929
1210 191 930
1223 192 931
1237 192 932
1251 194 933
1264 195 934
1278 195 935
1290 195 936
1304 197 937
1315 195 938
1329 198 939
1341 197 940
1352 196 941
1364 198 942
1377 198 943
1389 199 944
1401 199 945
1412 198 946
1423 198 947
1434 199 948
1446 199 949
1456 199 950
1466 199 951
1478 201 952
1488 200 953
1498 202 954
1508 202 955
1518 202 956
1526 202 957
1538 203 958
1546 203 959
1555 202 960
1565 204 961
1574 205 962
1582 204 963
1591 204 964
1599 205 965
1608 207 966
1616 206 967
1624 206 968
1633 208 969
1640 207 970
1646 209 971
1654 210 972
1664 210 973
1670 210 974
1677 210 975
1683 211 976
1690 212 977
1698 213 978
1703 212 979
1709 214 980
1714 214 981
1722 215 982
1729 216 983
1733 216 984
1738 216 985
1744 216 986
1749 217 987
1754 218 988
1759 218 989
1765 220 990
1768 221 991
1774 222 992
1779 223 993
1785 224 994
1789 225 995
1793 225 996
1797 226 997
1800 227 998
1804 229 999
1808 230 1000
1811 232 1001
1815 233 1002
1819 234 1003
1822 235 1004
1825 237 1005
1827 238 1006
1830 240 1007
1835 242 1008
1834 243 1009
1838 245 1010
1842 246 1011
1843 248 1012
1845 248 1013
1847 250 1014
1849 252 1015
1850 254 1016
1851 255 1017
1853 258 1018
1855 259 1019
1856 261 1020
1857 262 1021
1858 265 1022
1860 266 1023
1860 267 1024
1860 270 1025
1860 270 1026
1862 273 1027
1862 274 1028
1862 277 1029
1863 279 1030
1864 280 1031
1862 283 1032
1862 284 1033
1862 287 1034
1862 289 1035
1861 290 1036
1860 294 1037
1860 295 1038
1859 298 1039
1857 299 1040
1856 302 1041
1854 303 1042
1853 306 1043
1851 307 1044
1847 309 1045
1845 312 1046
1843 315 1047
1841 317 1048
1837 320 1049
1837 321 1050
1833 325 1051
1831 326 1052
1827 329 1053
1826 331 1054
1822 335 1055
1821 336 1056
1816 338 1057
1816 340 1058
1812 342 1059
1809 346 1060
1808 347 1061
1805 349 1062
1803 351 1063
1800 355 1064
1799 356 1065
1797 358 1066
1793 361 1067
1792 363 1068
1790 364 1069
1786 368 1070
1786 368 1071
1783 370 1072
1782 373 1073
1780 373 1074
1776 374 1075
1774 378 1076
1773 379 1077
1769 380 1078
1767 381 1079
1764 382 1080
1762 384 1081
1760 384 1082
1758 388 1083
1755 389 1084
1754 391 1085
1749 393 1086
1749 395 1087
1745 396 1088
1742 398 1089
1741 399 1090
1738 401 1091
1735 403 1092
1734 404 1093
1730 405 1094
1727 407 1095
1725 409 1096
1722 410 1097
1719 412 1098
1717 413 1099
1714 415 1100
1711 416 1101
1708 419 1102
1706 418 1103
1703 421 1104
1702 422 1105
1698 425 1106
1697 425 1107
1694 427 1108
1690 429 1109
1689 430 1110
1685 433 1111
1683 434 1112
1679 433 1113
1676 437 1114
1675 438 1115
1673 439 1116
1669 442 1117
1668 441 1118
1666 443 1119
1663 445 1120
1660 446 1121
1657 447 1122
1656 448 1123
1652 450 1124
1651 450 1125
1647 451 1126
1644 454 1127
1643 454 1128
1640 455 1129
1637 456 1130
1635 456 1131
1633 457 1132
1630 458 1133
1627 460 1134
1626 460 1135
1623 461 1136
1620 462 1137
1619 463 1138
1616 465 1139
1613 465 1140
1613 466 1141
1609 467 1142
1608 467 1143
1605 468 1144
1602 469 1145
1600 470 1146
1598 470 1147
1596 472 1148
1595 472 1149
1592 473 1150
1589 474 1151
1587 474 1152
1585 475 1153
1583 476 1154
1580 476 1155
1578 477 1156
1576 478 1157
1573 479 1158
1570 480 1159
1568 481 1160
1566 482 1161
1565 482 1162
1563 483 1163
1559 484 1164
1558 485 1165
1556 486 1166
1555 487 1167
1552 487 1168
1549 487 1169
1549 488 1170
1547 489 1171
1546 490 1172
1543 492 1173
1543 492 1174
1540 493 1175
1538 493 1176
1536 494 1177
1535 494 1178
1532 494 1179
1532 496 1180
1531 498 1181
1529 498 1182
1527 499 1183
1527 500 1184
1524 501 1185
1523 502 1186
1522 503 1187
1521 503 1188
1519 504 1189
1518 507 1190
1516 507 1191
1515 507 1192
1514 508 1193
1513 510 1194
1511 510 1195
1509 511 1196
1508 511 1197
1507 513 1198
1505 513 1199
1506 515 1200
1503 515 1201
1502 516 1202
1502 518 1203
1500 518 1204
1498 520 1205
1496 519 1206
1495 520 1207
1494 522 1208
1493 522 1209
1492 524 1210
1491 524 1211
1489 525 1212
1487 527 1213
1486 527 1214
1484 529 1215
1483 530 1216
1481 530 1217
1479 531 1218
1478 532 1219
1476 533 1220
1474 534 1221
1473 535 1222
1471 535 1223
1469 536 1224
1467 537 1225
1465 538 1226
1462 539 1227
1461 540 1228
1458 541 1229
1455 542 1230
1453 542 1231
1450 542 1232
1447 544 1233
1445 545 1234
1442 545 1235
1440 546 1236
1438 546 1237
1436 548 1238
1433 549 1239
1431 549 1240
1429 549 1241
1427 551 1242
1426 551 1243
1424 552 1244
1422 552 1245
1420 553 1246
1419 554 1247
1417 555 1248
1416 555 1249
1414 555 1250
1413 557 1251
1412 557 1252
1410 558 1253
1409 558 1254
1408 559 1255
1408 559 1256
1405 560 1257
1404 561 1258
1403 561 1259
1401 562 1260
1400 562 1261
1398 562 1262
1396 563 1263
1395 564 1264
1394 564 1265
1391 565 1266
1391 565 1267
1388 566 1268
1388 566 1269
1386 566 1270
1384 568 1271
1383 567 1272
1380 569 1273
1380 569 1274
1378 569 1275
1376 570 1276
1375 571 1277
1373 571 1278
1371 571 1279
1369 572 1280
1367 573 1281
1366 573 1282
1363 574 1283
1362 574 1284
1361 576 1285
1360 576 1286
1357 575 1287
1355 578 1288
1354 578 1289
1353 578 1290
1350 578 1291
1347 580 1292
1346 580 1293
1345 580 1294
1342 582 1295
1341 581 1296
1338 582 1297
1337 583 1298
1335 584 1299
1333 584 1300
1330 584 1301
1328 586 1302
1326 585 1303
1323 587 1304
1322 587 1305
1319 587 1306
1317 589 1307
1314 589 1308
1312 589 1309
1311 590 1310
1307 591 1311
1306 592 1312
1303 592 1313
1301 593 1314
1297 592 1315
1295 593 1316
1293 594 1317
1291 594 1318
1288 594 1319
1285 596 1320
1284 596 1321
1281 597 1322
1277 598 1323
1275 598 1324
1271 597 1325
1268 599 1326
1265 600 1327
1262 600 1328
1258 600 1329
1253 600 1330
1250 601 1331
1246 602 1332
1241 601 1333
1237 601 1334
1232 601 1335
1228 601 1336
1223 602 1337
1218 602 1338
1214 601 1339
1208 601 1340
1203 602 1341
1198 602 1342
1192 601 1343
1186 602 1344
1181 601 1345
1175 600 1346
1169 600 1347
1164 600 1348
1157 600 1349
1150 599 1350
1144 598 1351
1138 598 1352
1131 598 1353
1125 598 1354
1117 598 1355
1112 598 1356
1103 598 1357
1097 597 1358
1090 597 1359
1083 597 1360
1076 597 1361
1068 596 1362
1061 596 1363
1054 596 1364
1046 595 1365
1040 595 1366
1032 595 1367
1025 594 1368
1017 594 1369
1009 594 1370
1002 594 1371
994 595 1372
988 594 1373
980 594 1374
971 594 1375
964 593 1376
956 593 1377
948 593 1378
940 593 1379
932 594 1380
925 593 1381
916 593 1382
907 592 1383
899 593 1384
891 591 1385
881 592 1386
873 592 1387
864 592 1388
855 592 1389
846 592 1390
837 592 1391
827 592 1392
819 592 1393
809 591 1394
799 591 1395
790 590 1396
781 590 1397
770 590 1398
762 589 1399
753 588 1400
743 587 1401
735 587 1402
725 586 1403
716 585 1404
708 585 1405
699 584 1406
690 583 1407
680 582 1408
671 581 1409
662 580 1410
653 579 1411
643 578 1412
635 578 1413
625 577 1414
616 576 1415
605 575 1416
596 574 1417
588 574 1418
578 573 1419
568 572 1420
558 572 1421
547 570 1422
538 569 1423
527 568 1424
518 567 1425
508 567 1426
497 565 1427
488 565 1428
478 564 1429
469 563 1430
459 562 1431
449 561 1432
438 560 1433
429 559 1434
418 559 1435
409 558 1436
399 557 1437
389 557 1438
380 556 1439
370 555 1440
359 555 1441
351 554 1442
341 554 1443
331 553 1444
319 554 1445
311 552 1446
300 553 1447
291 552 1448
280 552 1449
271 551 1450
261 552 1451
251 551 1452
242 551 1453
231 551 1454
222 550 1455
212 550 1456
202 550 1457
192 549 1458
183 549 1459
173 549 1460
163 548 1461
153 549 1462
144 548 1463
132 547 1464
123 547 1465
112 547 1466
103 546 1467
93 545 1468
83 546 1469
72 545 1470
63 544 1471
52 545 1472
43 544 1473
802 14 2652
802 14 2653
801 15 2654
803 18 2655
800 17 2656
799 19 2657
797 18 2658
796 20 2659
795 21 2660
797 22 2661
795 23 2662
794 24 2663
795 24 2664
795 26 2665
795 26 2666
795 26 2667
795 27 2668
795 28 2669
796 29 2670
796 28 2671
800 30 2672
800 31 2673
800 32 2674
801 33 2675
800 32 2676
802 32 2677
803 33 2678
805 34 2679
803 34 2680
805 34 2681
805 35 2682
807 36 2683
807 36 2684
806 36 2685
807 36 2686
807 37 2687
808 36 2688
809 38 2689
807 37 2690
808 37 2691
809 38 2692
809 37 2693
809 38 2694
811 38 2695
810 39 2696
811 39 2697
811 38 2698
813 38 2699
812 38 2700
815 39 2701
815 38 2702
814 38 2703
818 39 2704
818 39 2705
820 39 2706
823 41 2707
823 40 2708
824 39 2709
829 40 2710
829 39 2711
835 41 2712
837 41 2713
839 41 2714
843 42 2715
845 41 2716
849 42 2717
853 43 2718
858 44 2719
862 44 2720
866 45 2721
870 43 2722
874 44 2723
878 45 2724
883 45 2725
888 46 2726
891 46 2727
896 47 2728
900 47 2729
905 47 2730
908 47 2731
912 47 2732
917 46 2733
921 47 2734
925 47 2735
929 47 2736
933 47 2737
937 47 2738
940 47 2739
943 47 2740
945 46 2741
950 47 2742
953 47 2743
958 46 2744
961 46 2745
964 46 2746
967 46 2747
970 46 2748
972 46 2749
974 46 2750
977 45 2751
979 44 2752
979 43 2753
981 44 2754
983 44 2755
986 43 2756
986 42 2757
988 42 2758
989 41 2759
989 40 2760
992 40 2761
993 40 2762
993 40 2763
995 40 2764
996 38 2765
999 38 2766
997 36 2767
999 36 2768
1000 36 2769
1001 35 2770
1002 35 2771
1003 34 2772
1003 34 2773
1003 32 2774
1003 32 2775
1004 31 2776
1004 30 2777
1004 28 2778
1004 28 2779
1004 27 2780
1004 27 2781
1004 27 2782
1003 25 2783
1003 24 2784
1002 24 2785
1003 22 2786
1003 22 2787
1002 21 2788
1002 21 2789
1002 20 2790
1002 18 2791
1002 18 2792
1002 18 2793
1002 18 2794
1001 17 2795
1001 16 2796
1000 16 2797
999 15 2798
999 15 2799
999 14 2800
999 13 2801
998 13 2802
998 12 2803
996 12 2804
997 12 2805
996 12 2806
995 12 2807
994 12 2808
994 12 2809
994 12 2810
994 11 2811
993 11 2812
992 11 2813
991 11 2814
991 10 2815
989 10 2816
988 9 2817
987 9 2818
986 9 2819
986 9 2820
985 9 2821
984 8 2822
984 8 2823
983 8 2824
983 7 2825
981 7 2826
980 7 2827
980 7 2828
979 7 2829
978 7 2830
977 7 2831
977 6 2832
976 6 2833
976 6 2834
975 6 2835
975 6 2836
975 6 2837
974 5 2838
975 5 2839
975 5 2840
974 5 2841
974 5 2842
975 4 2843
975 4 2844
975 4 2845
975 4 2846
975 4 2847
975 4 2848
976 4 2849
976 3 2850
977 3 2851
977 3 2852
976 3 2853
976 3 2854
978 4 2855
978 3 2856
977 3 2857
977 3 2858
977 3 2859
977 2 2860
977 3 2861
976 3 2862
978 4 2863
977 2 2864
977 3 2865
977 3 2866
976 3 2867
977 3 2868
976 3 2869
976 3 2870
975 2 2871
975 3 2872
973 1 2873
974 3 2874
974 2 2875
975 2 2876
974 2 2877
973 2 2878
972 1 2879
972 1 2880
972 1 2881
972 1 2882
972 0 2883
972 0 2884
972 0 2885
972 0 2886
973 0 2887
973 0 2888
970 0 2889
971 0 2890
973 1 2891
972 0 2892
971 0 2893
971 0 2894
972 0 2895
973 0 2896
974 0 2897
975 0 2898
975 0 2899
977 0 2900
978 0 2901
978 0 2902
978 0 2903
980 0 2904
981 0 2905
981 0 2906
982 0 2907
984 0 2908
985 0 2909
987 0 2910
988 0 2911
989 0 2912
990 0 2913
991 0 2914
990 0 2915
990 0 2916
993 1 2917
993 0 2918
993 1 2919
993 0 2920
993 0 2921
993 0 2922
993 0 2923
994 0 2924
996 0 2925
995 1 2926
995 0 2927
995 0 2928
996 1 2929
996 0 2930
996 0 2931
997 1 2932
997 0 2933
996 0 2934
997 0 2935
998 0 2936
996 0 2937
998 0 2938
999 0 2939
998 0 2940
996 0 2941
997 0 2942
998 0 2943
996 0 2944
997 0 2945
997 1 2946
995 0 2947
994 0 2948
994 0 2949
993 1 2950
992 0 2951
992 0 2952
991 0 2953
991 0 2954
990 0 2955
990 0 2956
989 0 2957
989 0 2958
988 0 2959
988 0 2960
987 0 2961
986 0 2962
985 0 2963
984 0 2964
984 0 2965
983 0 2966
984 0 2967
984 0 2968
984 0 2969
985 0 2970
935 18 3026
933 17 3027
933 18 3028
934 22 3029
932 24 3030
930 25 3031
929 26 3032
929 30 3033
926 31 3034
925 33 3035
922 33 3036
921 36 3037
920 38 3038
919 39 3039
918 41 3040
916 42 3041
916 46 3042
914 47 3043
914 50 3044
913 51 3045
911 53 3046
911 54 3047
909 56 3048
908 57 3049
907 58 3050
907 60 3051
906 60 3052
904 62 3053
904 64 3054
903 66 3055
903 67 3056
901 68 3057
900 70 3058
898 71 3059
898 72 3060
896 72 3061
897 73 3062
896 74 3063
894 75 3064
895 76 3065
894 76 3066
894 77 3067
894 77 3068
894 77 3069
894 77 3070
894 78 3071
894 77 3072
893 76 3073
893 77 3074
894 76 3075
894 77 3076
893 75 3077
894 76 3078
894 76 3079
893 75 3080
894 76 3081
894 76 3082
893 75 3083
893 77 3084
893 76 3085
892 77 3086
891 78 3087
891 78 3088
889 79 3089
889 81 3090
887 83 3091
886 83 3092
886 85 3093
885 87 3094
882 87 3095
881 89 3096
879 91 3097
878 93 3098
877 94 3099
874 95 3100
873 97 3101
873 98 3102
870 99 3103
869 100 3104
868 101 3105
867 102 3106
865 102 3107
865 104 3108
864 104 3109
864 106 3110
862 106 3111
862 107 3112
861 107 3113
861 106 3114
860 106 3115
860 106 3116
860 106 3117
860 106 3118
860 106 3119
860 107 3120
860 106 3121
861 106 3122
861 106 3123
861 105 3124
861 104 3125
862 104 3126
863 104 3127
862 103 3128
864 103 3129
864 103 3130
864 102 3131
864 102 3132
865 102 3133
865 102 3134
865 102 3135
866 101 3136
865 101 3137
865 101 3138
864 99 3139
864 100 3140
864 100 3141
865 100 3142
865 100 3143
865 100 3144
864 100 3145
865 100 3146
864 100 3147
864 100 3148
864 100 3149
865 101 3150
864 100 3151
864 100 3152
864 100 3153
865 100 3154
865 100 3155
865 100 3156
865 100 3157
865 100 3158
866 100 3159
865 99 3160
866 99 3161
866 99 3162
867 99 3163
868 99 3164
867 98 3165
868 98 3166
868 98 3167
868 98 3168
869 99 3169
869 99 3170
869 99 3171
869 99 3172
868 100 3173
868 100 3174
867 100 3175
867 101 3176
866 101 3177
866 102 3178
866 104 3179
864 104 3180
862 105 3181
861 107 3182
860 109 3183
858 109 3184
858 113 3185
856 115 3186
853 116 3187
852 119 3188
849 121 3189
847 124 3190
845 127 3191
843 130 3192
841 133 3193
838 136 3194
836 138 3195
832 141 3196
831 144 3197
828 147 3198
827 151 3199
823 154 3200
822 157 3201
819 160 3202
818 164 3203
815 167 3204
813 170 3205
812 174 3206
810 176 3207
808 180 3208
807 185 3209
804 188 3210
803 190 3211
801 192 3212
799 196 3213
797 199 3214
796 202 3215
794 204 3216
793 208 3217
792 210 3218
790 213 3219
789 215 3220
788 219 3221
787 220 3222
786 222 3223
785 226 3224
784 226 3225
782 229 3226
782 230 3227
781 233 3228
780 234 3229
779 236 3230
778 238 3231
778 239 3232
778 240 3233
777 241 3234
776 241 3235
775 243 3236
775 244 3237
773 244 3238
774 245 3239
774 247 3240
774 247 3241
774 248 3242
774 248 3243
774 248 3244
775 249 3245
775 249 3246
774 249 3247
774 249 3248
774 249 3249
775 250 3250
775 250 3251
775 250 3252
775 250 3253
776 250 3254
776 250 3255
777 250 3256
777 250 3257
777 250 3258
778 250 3259
777 250 3260
778 250 3261
778 251 3262
778 250 3263
778 250 3264
778 251 3265
779 250 3266
778 250 3267
778 250 3268
778 250 3269
778 250 3270
778 250 3271
778 250 3272
777 250 3273
777 250 3274
777 250 3275
777 250 3276
777 250 3277
777 250 3278
776 249 3279
776 250 3280
776 250 3281
776 250 3282
775 250 3283
775 249 3284
774 250 3285
774 250 3286
775 250 3287
775 250 3288
775 249 3289
774 250 3290
775 250 3291
775 250 3292
775 250 3293
775 249 3294
775 249 3295
774 249 3296
775 249 3297
775 248 3298
775 249 3299
775 249 3300
775 248 3301
775 248 3302
776 248 3303
776 248 3304
776 248 3305
776 248 3306
776 247 3307
776 247 3308
776 247 3309
776 246 3310
777 246 3311
777 246 3312
777 246 3313
777 246 3314
777 245 3315
777 245 3316
777 245 3317
777 244 3318
777 244 3319
777 244 3320
777 244 3321
777 244 3322
776 243 3323
776 243 3324
776 243 3325
775 242 3326
775 242 3327
775 241 3328
775 241 3329
774 241 3330
774 240 3331
774 240 3332
774 240 3333
774 239 3334
773 239 3335
773 239 3336
773 238 3337
774 239 3338
773 238 3339
773 238 3340
771 237 3341
772 237 3342
773 237 3343
772 236 3344
772 236 3345
772 236 3346
772 236 3347
772 236 3348
772 236 3349
772 236 3350
773 236 3351
773 236 3352
773 236 3353
773 236 3354
773 236 3355
773 236 3356
773 236 3357
773 236 3358
773 236 3359
773 236 3360
773 236 3361
773 236 3362
773 236 3363
773 236 3364
772 236 3365
772 236 3366
772 236 3367
772 236 3368
772 236 3369
772 236 3370
771 236 3371
771 236 3372
771 236 3373
771 236 3374
771 236 3375
771 236 3376
771 236 3377
771 236 3378
770 236 3379
770 236 3380
770 236 3381
770 236 3382
770 236 3383
770 236 3384
770 236 3385
770 236 3386
770 236 3387
770 236 3388
770 236 3389
771 237 3390
770 236 3391
770 236 3392
770 236 3393
771 237 3394
770 236 3395
770 236 3396
771 237 3397
770 236 3398
770 236 3399
771 237 3400
770 236 3401
770 236 3402
771 237 3403
770 236 3404
770 236 3405
770 236 3406
770 237 3407
770 237 3408
770 236 3409
770 236 3410
770 236 3411
771 238 3412
770 236 3413
771 236 3414
772 237 3415
771 236 3416
772 237 3417
770 236 3418
772 237 3419
772 237 3420
771 236 3421
773 238 3422
773 238 3423
772 237 3424
772 237 3425
771 236 3426
773 237 3427
773 237 3428
772 236 3429
773 237 3430
772 236 3431
773 236 3432
773 236 3433
773 236 3434
773 236 3435
773 236 3436
774 237 3437
772 235 3438
774 236 3439
773 235 3440
773 235 3441
773 235 3442
773 235 3443
773 236 3444
773 236 3445
773 235 3446
773 235 3447
773 235 3448
773 235 3449
773 235 3450
773 235 3451
773 235 3452
773 235 3453
774 236 3454
773 234 3455
773 235 3456
773 235 3457
773 235 3458
773 235 3459
773 235 3460
773 235 3461
773 235 3462
774 235 3463
774 235 3464
774 234 3465
774 235 3466
774 235 3467
774 234 3468
774 235 3469
774 235 3470
774 234 3471
774 235 3472
774 234 3473
774 234 3474
774 234 3475
774 235 3476
774 234 3477
774 234 3478
774 234 3479
774 234 3480
775 234 3481
775 234 3482
775 234 3483
775 234 3484
775 234 3485
775 234 3486
775 234 3487
775 234 3488
775 233 3489
775 234 3490
775 233 3491
775 234 3492
775 234 3493
775 233 3494
775 233 3495
775 233 3496
775 234 3497
775 234 3498
775 234 3499
775 234 3500
775 234 3501
775 234 3502
775 235 3503
775 234 3504
774 235 3505
776 235 3506
775 236 3507
775 236 3508
776 236 3509
776 237 3510
776 237 3511
776 238 3512
776 238 3513
777 239 3514
777 241 3515
777 240 3516
778 241 3517
781 244 3518
782 244 3519
785 246 3520
787 247 3521
790 249 3522
792 251 3523
796 252 3524
801 255 3525
803 256 3526
808 258 3527
812 261 3528
817 263 3529
822 264 3530
827 267 3531
832 268 3532
839 271 3533
843 273 3534
851 276 3535
857 279 3536
864 281 3537
871 283 3538
878 286 3539
886 289 3540
892 291 3541
899 294 3542
907 295 3543
915 299 3544
922 300 3545
931 304 3546
939 307 3547
947 310 3548
955 312 3549
964 314 3550
974 319 3551
982 319 3552
992 324 3553
1000 326 3554
1010 330 3555
1020 333 3556
1029 336 3557
1040 338 3558
1049 341 3559
1058 345 3560
1069 348 3561
1080 350 3562
1089 352 3563
1100 355 3564
1111 359 3565
1122 361 3566
1133 364 3567
1144 368 3568
1154 371 3569
1166 374 3570
1177 376 3571
1187 378 3572
1197 381 3573
1209 383 3574
1219 386 3575
1229 388 3576
1239 390 3577
1249 391 3578
1259 392 3579
1268 395 3580
1278 396 3581
1286 397 3582
1295 399 3583
1303 400 3584
1311 401 3585
1320 403 3586
1327 404 3587
1335 405 3588
1342 407 3589
1350 407 3590
1357 408 3591
1363 411 3592
1371 411 3593
1377 413 3594
1385 414 3595
1390 415 3596
1398 418 3597
1403 419 3598
1410 420 3599
1417 422 3600
1422 423 3601
1428 425 3602
1435 427 3603
1440 429 3604
1446 430 3605
1451 432 3606
1457 433 3607
1462 434 3608
1467 435 3609
1473 437 3610
1477 438 3611
1483 439 3612
1487 441 3613
1492 442 3614
1496 443 3615
1501 444 3616
1505 446 3617
1510 448 3618
1515 448 3619
1518 449 3620
1523 451 3621
1526 451 3622
1530 453 3623
1534 454 3624
1537 455 3625
1540 456 3626
1544 457 3627
1548 459 3628
1551 459 3629
1554 461 3630
1557 461 3631
1561 463 3632
1564 463 3633
1566 464 3634
1568 465 3635
1571 465 3636
1573 467 3637
1573 468 3638
1576 469 3639
1576 469 3640
1577 469 3641
1578 470 3642
1578 470 3643
1578 471 3644
1578 473 3645
1577 473 3646
1577 472 3647
1576 475 3648
1576 475 3649
1573 477 3650
1571 477 3651
1570 478 3652
1567 479 3653
1565 480 3654
1562 481 3655
1559 482 3656
1557 483 3657
1554 483 3658
1551 484 3659
1548 487 3660
1543 487 3661
1540 488 3662
1537 488 3663
1532 491 3664
1527 491 3665
1523 494 3666
1518 492 3667
1513 494 3668
1509 495 3669
1503 496 3670
1497 497 3671
1492 499 3672
1485 500 3673
1480 502 3674
1473 502 3675
1468 503 3676
1462 505 3677
1455 506 3678
1448 507 3679
1441 510 3680
1433 510 3681
1427 511 3682
1419 512 3683
1412 516 3684
1403 517 3685
1395 516 3686
1387 518 3687
1379 519 3688
1370 522 3689
1362 522 3690
1353 523 3691
1345 524 3692
1336 525 3693
1326 526 3694
1316 527 3695
1307 529 3696
1296 529 3697
1287 529 3698
1278 530 3699
1267 530 3700
1257 531 3701
1248 532 3702
1237 533 3703
1227 534 3704
1216 535 3705
1205 536 3706
1195 537 3707
1184 538 3708
1173 538 3709
1162 539 3710
1151 540 3711
1140 540 3712
1130 541 3713
1119 541 3714
1108 542 3715
1098 543 3716
1086 543 3717
1076 543 3718
1065 543 3719
1054 544 3720
1044 544 3721
1033 544 3722
1023 545 3723
1012 545 3724
1001 546 3725
990 546 3726
979 546 3727
968 546 3728
957 546 3729
946 546 3730
935 547 3731
924 548 3732
912 548 3733
901 548 3734
890 549 3735
879 549 3736
867 549 3737
855 549 3738
844 550 3739
833 550 3740
821 551 3741
810 551 3742
798 552 3743
786 552 3744
775 552 3745
763 553 3746
751 554 3747
740 554 3748
728 555 3749
715 555 3750
703 555 3751
692 556 3752
680 557 3753
668 557 3754
656 557 3755
645 557 3756
632 558 3757
619 559 3758
608 559 3759
596 560 3760
583 560 3761
571 561 3762
559 561 3763
547 562 3764
534 562 3765
522 563 3766
510 564 3767
498 564 3768
485 565 3769
473 566 3770
460 566 3771
448 567 3772
436 567 3773
424 567 3774
411 568 3775
398 568 3776
386 569 3777
373 569 3778
361 570 3779
348 570 3780
336 570 3781
322 569 3782
311 569 3783
298 568 3784
286 567 3785
273 566 3786
262 564 3787
250 561 3788
238 558 3789
227 555 3790
215 552 3791
203 549 3792
191 545 3793
180 541 3794
169 538 3795
157 534 3796
146 529 3797
134 526 3798
123 522 3799
113 518 3800
102 514 3801
91 510 3802
79 506 3803
69 503 3804
58 498 3805
46 493 3806
36 490 3807
25 486 3808
309 98 3974
309 98 3975
319 98 3976
328 97 3977
337 96 3978
346 96 3979
356 95 3980
365 95 3981
375 95 3982
384 94 3983
393 94 3984
405 95 3985
412 93 3986
421 92 3987
433 93 3988
440 92 3989
450 92 3990
459 91 3991
467 90 3992
475 89 3993
485 89 3994
495 88 3995
505 88 3996
512 87 3997
522 87 3998
530 85 3999
539 84 4000
550 86 4001
558 85 4002
566 83 4003
575 82 4004
584 83 4005
592 83 4006
600 81 4007
610 82 4008
617 81 4009
625 81 4010
634 81 4011
643 81 4012
651 81 4013
659 81 4014
666 82 4015
674 82 4016
680 81 4017
687 81 4018
696 83 4019
702 83 4020
708 82 4021
713 82 4022
720 82 4023
726 82 4024
733 82 4025
739 82 4026
745 82 4027
750 82 4028
756 82 4029
762 83 4030
768 83 4031
774 83 4032
779 82 4033
785 82 4034
791 83 4035
797 82 4036
803 82 4037
809 83 4038
815 83 4039
821 82 4040
827 82 4041
834 83 4042
840 83 4043
846 83 4044
853 84 4045
859 84 4046
866 85 4047
871 84 4048
878 85 4049
884 86 4050
892 88 4051
898 88 4052
904 88 4053
910 89 4054
916 89 4055
921 91 4056
927 90 4057
933 91 4058
939 91 4059
944 91 4060
949 92 4061
954 92 4062
959 92 4063
963 91 4064
968 92 4065
973 92 4066
977 93 4067
983 93 4068
986 94 4069
990 93 4070
995 93 4071
999 94 4072
1003 93 4073
1008 95 4074
1010 94 4075
1013 94 4076
1018 96 4077
1022 95 4078
1024 94 4079
1028 94 4080
1031 95 4081
1034 95 4082
1037 94 4083
1039 94 4084
1042 94 4085
1045 94 4086
1047 94 4087
1049 93 4088
1052 94 4089
1055 93 4090
1056 93 4091
1058 93 4092
1059 92 4093
1062 92 4094
1063 91 4095
1065 91 4096
1066 90 4097
1067 90 4098
1070 89 4099
1071 88 4100
1071 88 4101
1072 87 4102
1073 87 4103
1075 86 4104
1076 86 4105
1077 85 4106
1078 85 4107
1079 84 4108
1079 83 4109
1080 82 4110
1081 82 4111
1082 81 4112
1084 80 4113
1084 80 4114
1086 78 4115
1087 78 4116
1088 77 4117
1090 76 4118
1091 76 4119
1093 76 4120
1094 75 4121
1096 75 4122
1097 75 4123
1098 74 4124
1101 74 4125
1102 74 4126
1104 74 4127
1105 74 4128
1107 74 4129
1109 74 4130
1110 74 4131
1111 74 4132
1113 74 4133
1115 74 4134
1116 74 4135
1119 75 4136
1120 75 4137
1121 76 4138
1123 76 4139
1125 77 4140
1127 77 4141
1128 78 4142
1130 79 4143
1132 80 4144
1134 81 4145
1135 82 4146
1137 83 4147
1139 84 4148
1141 85 4149
1142 86 4150
1144 88 4151
1146 89 4152
1148 90 4153
1150 91 4154
1151 93 4155
1154 95 4156
1155 97 4157
1156 98 4158
1158 101 4159
1160 102 4160
1162 105 4161
1164 106 4162
1165 109 4163
1167 111 4164
1168 113 4165
1170 115 4166
1172 118 4167
1173 120 4168
1174 122 4169
1176 124 4170
1177 127 4171
1178 129 4172
1179 132 4173
1181 134 4174
1181 136 4175
1184 139 4176
1184 141 4177
1185 143 4178
1185 145 4179
1186 148 4180
1187 151 4181
1188 153 4182
1189 156 4183
1189 158 4184
1190 161 4185
1190 163 4186
1191 165 4187
1191 168 4188
1192 170 4189
1192 173 4190
1193 175 4191
1193 177 4192
1193 180 4193
1194 182 4194
1194 184 4195
1194 186 4196
1194 189 4197
1194 191 4198
1194 194 4199
1194 195 4200
1194 198 4201
1194 200 4202
1195 202 4203
1195 204 4204
1195 207 4205
1195 208 4206
1195 211 4207
1195 212 4208
1195 214 4209
1196 216 4210
1196 219 4211
1196 220 4212
1196 222 4213
1196 224 4214
1196 227 4215
1196 228 4216
1196 230 4217
1196 231 4218
1196 233 4219
1197 235 4220
1196 237 4221
1196 238 4222
1197 239 4223
1197 240 4224
1197 243 4225
1196 244 4226
1196 245 4227
1197 247 4228
1197 248 4229
1196 250 4230
1196 252 4231
1197 254 4232
1197 255 4233
1196 258 4234
1196 260 4235
1197 263 4236
1197 264 4237
1197 267 4238
1197 269 4239
1198 271 4240
1197 274 4241
1198 277 4242
1198 278 4243
1198 281 4244
1198 283 4245
1198 285 4246
1198 287 4247
1198 289 4248
1199 291 4249
1200 294 4250
1199 296 4251
1200 297 4252
1200 300 4253
1200 301 4254
1201 303 4255
1201 304 4256
1201 307 4257
1202 309 4258
1202 310 4259
1202 311 4260
1203 314 4261
1203 315 4262
1204 317 4263
1205 318 4264
1205 320 4265
1205 322 4266
1206 323 4267
1206 325 4268
1207 327 4269
1208 330 4270
1210 332 4271
1210 333 4272
1211 336 4273
1212 338 4274
1213 340 4275
1214 342 4276
1215 344 4277
1216 347 4278
1217 349 4279
1218 351 4280
1219 353 4281
1220 356 4282
1221 358 4283
1221 360 4284
1222 363 4285
1222 365 4286
1223 368 4287
1223 371 4288
1223 373 4289
1224 376 4290
1224 378 4291
1224 381 4292
1224 383 4293
1224 386 4294
1224 389 4295
1223 391 4296
1223 394 4297
1223 396 4298
1222 399 4299
1222 401 4300
1222 404 4301
1221 406 4302
1220 409 4303
1220 411 4304
1220 414 4305
1219 417 4306
1219 418 4307
1218 421 4308
1218 421 4309
1216 423 4310
1216 425 4311
1215 425 4312
1215 426 4313
1213 427 4314
1213 427 4315
1212 428 4316
1210 428 4317
1209 429 4318
1207 429 4319
1207 429 4320
1204 429 4321
1203 430 4322
1201 430 4323
1199 429 4324
1197 429 4325
1194 429 4326
1193 430 4327
1190 430 4328
1187 430 4329
1185 430 4330
1182 430 4331
1179 431 4332
1176 430 4333
1173 431 4334
1169 431 4335
1165 431 4336
1162 432 4337
1158 432 4338
1153 432 4339
1149 432 4340
1145 432 4341
1140 434 4342
1136 433 4343
1132 433 4344
1127 433 4345
1122 434 4346
1118 434 4347
1114 435 4348
1109 435 4349
1105 435 4350
1100 436 4351
1095 436 4352
1091 437 4353
1087 437 4354
1082 438 4355
1077 439 4356
1072 440 4357
1068 441 4358
1063 441 4359
1058 443 4360
1052 443 4361
1048 444 4362
1043 445 4363
1038 445 4364
1032 446 4365
1027 447 4366
1022 447 4367
1018 448 4368
1013 448 4369
1008 449 4370
1003 449 4371
998 449 4372
994 449 4373
989 449 4374
985 449 4375
980 448 4376
976 448 4377
971 449 4378
967 448 4379
964 447 4380
960 447 4381
956 447 4382
952 445 4383
949 445 4384
945 444 4385
941 443 4386
938 442 4387
934 441 4388
932 440 4389
928 438 4390
926 437 4391
922 435 4392
919 434 4393
916 433 4394
913 430 4395
910 429 4396
908 427 4397
905 426 4398
902 423 4399
900 422 4400
898 419 4401
895 417 4402
894 415 4403
891 413 4404
889 410 4405
886 408 4406
884 405 4407
882 403 4408
879 400 4409
877 397 4410
874 394 4411
872 391 4412
869 389 4413
866 385 4414
864 382 4415
861 379 4416
858 376 4417
855 373 4418
852 370 4419
849 367 4420
846 364 4421
843 362 4422
839 358 4423
835 355 4424
832 352 4425
829 348 4426
825 345 4427
822 343 4428
819 338 4429
816 336 4430
812 332 4431
809 329 4432
806 326 4433
802 322 4434
799 319 4435
796 316 4436
793 312 4437
790 309 4438
787 306 4439
785 304 4440
782 300 4441
779 297 4442
776 294 4443
773 292 4444
771 288 4445
769 286 4446
765 282 4447
764 280 4448
761 277 4449
759 274 4450
756 271 4451
754 269 4452
752 268 4453
749 265 4454
748 263 4455
743 258 4456
743 258 4457
738 254 4458
737 251 4459
733 248 4460
731 246 4461
728 245 4462
727 243 4463
723 240 4464
722 240 4465
719 238 4466
716 236 4467
715 236 4468
710 234 4469
707 231 4470
706 231 4471
704 231 4472
701 231 4473
699 230 4474
697 231 4475
697 233 4476
695 234 4477
694 235 4478
693 237 4479
692 240 4480
692 244 4481
691 247 4482
690 250 4483
689 253 4484
688 258 4485
688 262 4486
687 268 4487
687 274 4488
686 280 4489
687 285 4490
687 290 4491
687 296 4492
688 301 4493
688 305 4494
689 309 4495
689 313 4496
689 318 4497
691 322 4498
690 323 4499
690 327 4500
691 330 4501
692 332 4502
692 334 4503
693 335 4504
693 336 4505
693 337 4506
693 338 4507
694 338 4508
695 338 4509
695 338 4510
696 338 4511
698 338 4512
698 337 4513
698 336 4514
700 335 4515
701 335 4516
703 335 4517
703 334 4518
705 332 4519
707 331 4520
707 330 4521
708 328 4522
710 327 4523
711 325 4524
713 326 4525
715 324 4526
715 324 4527
717 322 4528
717 322 4529
717 322 4530
718 322 4531
719 321 4532
720 322 4533
721 323 4534
720 323 4535
721 325 4536
721 326 4537
722 327 4538
721 327 4539
721 328 4540
721 329 4541
721 330 4542
721 333 4543
720 333 4544
719 334 4545
720 336 4546
719 337 4547
718 337 4548
719 338 4549
719 341 4550
719 342 4551
718 343 4552
719 344 4553
719 345 4554
719 346 4555
718 346 4556
720 349 4557
718 349 4558
719 350 4559
719 351 4560
719 352 4561
720 353 4562
721 355 4563
721 355 4564
720 355 4565
721 356 4566
723 358 4567
723 359 4568
722 359 4569
722 360 4570
722 361 4571
724 362 4572
723 362 4573
724 364 4574
723 364 4575
723 365 4576
722 365 4577
722 367 4578
721 366 4579
720 369 4580
719 368 4581
715 370 4582
714 370 4583
710 371 4584
705 371 4585
702 372 4586
697 373 4587
691 373 4588
685 374 4589
679 374 4590
670 374 4591
661 374 4592
652 375 4593
643 375 4594
632 376 4595
620 375 4596
608 375 4597
595 376 4598
583 377 4599
569 377 4600
553 378 4601
537 377 4602
521 378 4603
503 378 4604
485 380 4605
465 379 4606
445 380 4607
426 381 4608
407 382 4609
389 384 4610
368 383 4611
350 385 4612
330 384 4613
313 386 4614
294 386 4615
276 386 4616
257 386 4617
240 387 4618
222 388 4619
204 389 4620
187 389 4621
170 390 4622
153 391 4623
137 392 4624
120 392 4625
104 393 4626
88 393 4627
72 395 4628
56 395 4629
40 397 4630
