1790 506 308
1790 506 309
1791 506 310
1792 507 311
1793 509 312
1794 509 313
1795 509 314
1797 511 315
1796 510 316
1799 512 317
1801 512 318
1801 513 319
1802 513 320
1803 514 321
1803 513 322
1804 515 323
1805 515 324
1807 516 325
1807 516 326
1808 516 327
1807 518 328
1810 518 329
1810 518 330
1810 519 331
1811 519 332
1811 520 333
1812 520 334
1812 522 335
1813 522 336
1813 522 337
1813 522 338
1813 524 339
1813 523 340
1814 524 341
1815 524 342
1814 524 343
1814 526 344
1814 526 345
1814 526 346
1814 527 347
1814 527 348
1814 526 349
1814 527 350
1814 528 351
1814 528 352
1814 528 353
1813 528 354
1813 529 355
1813 529 356
1812 529 357
1812 530 358
1812 530 359
1811 530 360
1811 531 361
1810 531 362
1809 532 363
1809 532 364
1808 532 365
1808 532 366
1808 533 367
1807 534 368
1806 533 369
1805 535 370
1805 535 371
1804 535 372
1803 535 373
1801 536 374
1801 537 375
1800 537 376
1799 538 377
1799 538 378
1798 538 379
1796 540 380
1796 539 381
1795 541 382
1794 541 383
1793 541 384
1792 543 385
1790 542 386
1790 544 387
1789 544 388
1788 544 389
1787 545 390
1785 546 391
1783 546 392
1783 547 393
1781 547 394
1779 548 395
1779 549 396
1777 549 397
1776 550 398
1774 550 399
1773 551 400
1771 552 401
1770 552 402
1768 554 403
1766 553 404
1764 555 405
1762 555 406
1761 556 407
1759 556 408
1757 557 409
1755 558 410
1753 558 411
1751 559 412
1749 560 413
1747 560 414
1745 562 415
1743 561 416
1741 563 417
1739 563 418
1736 565 419
1734 565 420
1733 566 421
1730 566 422
1728 568 423
1726 568 424
1725 568 425
1722 570 426
1720 570 427
1718 571 428
1717 571 429
1715 573 430
1713 572 431
1711 573 432
1709 574 433
1707 574 434
1705 575 435
1703 574 436
1701 576 437
1700 576 438
1697 576 439
1695 576 440
1693 577 441
1691 578 442
1689 578 443
1687 578 444
1685 579 445
1683 579 446
1681 579 447
1679 580 448
1677 580 449
1675 581 450
1672 581 451
1670 581 452
1668 582 453
1666 583 454
1664 582 455
1661 584 456
1659 583 457
1657 584 458
1656 585 459
1654 585 460
1652 585 461
1650 586 462
1647 586 463
1645 587 464
1643 587 465
1641 588 466
1639 587 467
1637 589 468
1635 588 469
1632 589 470
1630 589 471
1628 589 472
1626 590 473
1624 590 474
1622 590 475
1620 591 476
1617 590 477
1615 591 478
1613 592 479
1611 591 480
1609 592 481
1607 592 482
1605 592 483
1604 593 484
1602 593 485
1599 593 486
1598 593 487
1597 593 488
1595 593 489
1593 594 490
1591 594 491
1589 594 492
1588 594 493
1587 594 494
1584 594 495
1583 595 496
1582 594 497
1580 595 498
1578 595 499
1576 595 500
1574 595 501
1572 595 502
1570 595 503
1568 595 504
1566 595 505
1563 596 506
1561 595 507
1559 596 508
1557 596 509
1556 596 510
1553 596 511
1551 596 512
1549 597 513
1547 596 514
1545 597 515
1543 597 516
1541 597 517
1539 597 518
1537 597 519
1535 598 520
1533 597 521
1532 598 522
1530 598 523
1527 598 524
1526 598 525
1524 598 526
1522 599 527
1520 599 528
1518 599 529
1516 600 530
1515 600 531
1513 600 532
1512 600 533
1509 600 534
1507 601 535
1506 601 536
1504 602 537
1502 601 538
1500 602 539
1498 603 540
1496 602 541
1494 603 542
1493 603 543
1491 604 544
1489 604 545
1487 604 546
1485 604 547
1482 605 548
1481 605 549
1479 605 550
1477 605 551
1475 606 552
1473 606 553
1471 606 554
1470 607 555
1468 607 556
1466 607 557
1464 608 558
1462 608 559
1460 607 560
1458 609 561
1456 608 562
1454 608 563
1452 609 564
1451 608 565
1449 609 566
1447 610 567
1445 609 568
1443 610 569
1441 610 570
1439 610 571
1437 610 572
1436 610 573
1434 610 574
1432 611 575
1430 611 576
1429 612 577
1428 611 578
1427 612 579
1425 612 580
1423 612 581
1422 612 582
1420 612 583
1419 612 584
1418 613 585
1416 613 586
1415 613 587
1413 613 588
1412 613 589
1411 613 590
1409 613 591
1408 613 592
1406 614 593
1405 614 594
1403 614 595
1401 614 596
1400 614 597
1399 614 598
1397 614 599
1395 614 600
1393 614 601
1391 614 602
1390 615 603
1388 615 604
1386 614 605
1384 615 606
1382 615 607
1380 615 608
1379 615 609
1377 616 610
1376 616 611
1374 615 612
1372 616 613
1370 616 614
1368 616 615
1367 617 616
1365 616 617
1364 617 618
1362 616 619
1360 617 620
1358 617 621
1356 618 622
1354 617 623
1352 617 624
1350 618 625
1348 617 626
1346 618 627
1344 618 628
1342 618 629
1340 618 630
1338 618 631
1336 618 632
1333 619 633
1332 618 634
1330 618 635
1328 619 636
1326 619 637
1324 619 638
1322 619 639
1320 619 640
1317 619 641
1315 619 642
1313 619 643
1311 620 644
1308 619 645
1306 619 646
1304 619 647
1301 619 648
1298 619 649
1296 619 650
1293 619 651
1290 618 652
1288 618 653
1285 618 654
1282 617 655
1280 617 656
1276 616 657
1273 616 658
1270 614 659
1267 614 660
1263 614 661
1260 613 662
1257 612 663
1253 612 664
1250 611 665
1246 610 666
1242 610 667
1238 609 668
1234 608 669
1230 608 670
1226 607 671
1222 606 672
1218 606 673
1214 604 674
1210 604 675
1206 603 676
1201 603 677
1198 601 678
1193 601 679
1189 601 680
1185 599 681
1180 599 682
1176 598 683
1172 597 684
1167 597 685
1162 595 686
1157 595 687
1153 594 688
1149 594 689
1144 592 690
1139 592 691
1134 590 692
1129 590 693
1124 589 694
1118 588 695
1114 588 696
1108 587 697
1102 586 698
1096 585 699
1090 584 700
1085 583 701
1080 582 702
1074 581 703
1068 580 704
1062 578 705
1056 577 706
1050 576 707
1044 574 708
1039 573 709
1034 572 710
1028 570 711
1022 568 712
1017 567 713
1011 565 714
1005 564 715
999 562 716
994 560 717
988 560 718
982 557 719
976 556 720
970 554 721
964 552 722
958 551 723
952 549 724
946 548 725
939 546 726
933 544 727
927 542 728
920 541 729
913 540 730
907 537 731
901 536 732
894 534 733
887 532 734
881 531 735
874 528 736
868 527 737
861 526 738
855 523 739
848 522 740
841 521 741
834 518 742
827 518 743
820 516 744
813 514 745
806 513 746
799 513 747
792 510 748
784 509 749
777 508 750
770 506 751
763 504 752
756 503 753
748 501 754
741 500 755
733 498 756
726 497 757
718 494 758
710 494 759
703 492 760
695 490 761
688 488 762
681 487 763
673 485 764
664 484 765
656 482 766
648 480 767
640 478 768
632 477 769
624 475 770
616 473 771
608 471 772
600 469 773
592 468 774
584 465 775
575 464 776
567 461 777
559 459 778
550 457 779
542 455 780
534 452 781
525 450 782
517 448 783
508 445 784
499 443 785
490 440 786
482 437 787
473 435 788
463 431 789
455 428 790
446 426 791
437 422 792
428 418 793
418 416 794
409 411 795
400 408 796
390 404 797
381 401 798
371 396 799
362 392 800
353 388 801
344 383 802
334 380 803
324 374 804
314 370 805
305 366 806
295 362 807
285 357 808
275 353 809
264 349 810
254 344 811
243 340 812
232 336 813
221 331 814
210 327 815
199 323 816
188 319 817
176 315 818
165 311 819
153 307 820
141 303 821
129 299 822
117 295 823
104 291 824
92 287 825
79 283 826
67 280 827
55 276 828
41 273 829
27 268 830
1902 484 2105
1901 483 2106
1902 483 2107
1902 483 2108
1902 483 2109
1902 483 2110
1902 483 2111
1903 484 2112
1903 484 2113
1902 483 2114
1902 483 2115
1902 483 2116
1901 483 2117
1899 483 2118
1899 483 2119
1898 484 2120
1896 484 2121
1895 484 2122
1893 484 2123
1891 484 2124
1889 484 2125
1887 484 2126
1885 484 2127
1883 484 2128
1881 484 2129
1880 484 2130
1878 485 2131
1877 485 2132
1875 485 2133
1874 486 2134
1872 485 2135
1871 485 2136
1871 485 2137
1870 485 2138
1869 485 2139
1868 485 2140
1868 485 2141
1868 485 2142
1868 485 2143
1868 485 2144
1868 485 2145
1868 485 2146
1869 485 2147
1869 485 2148
1869 484 2149
1870 485 2150
1869 485 2151
1870 485 2152
1870 485 2153
1870 484 2154
1871 484 2155
1871 484 2156
1871 484 2157
1871 484 2158
1871 484 2159
1871 484 2160
1871 484 2161
1871 484 2162
1871 483 2163
1871 483 2164
1871 483 2165
1871 484 2166
1871 484 2167
1871 484 2168
1871 484 2169
1871 484 2170
1871 484 2171
1871 484 2172
1871 483 2173
1871 483 2174
1871 483 2175
1872 483 2176
1872 483 2177
1872 484 2178
1872 484 2179
1872 484 2180
1872 484 2181
1873 484 2182
1873 484 2183
1873 484 2184
1873 484 2185
1874 484 2186
1873 484 2187
1873 484 2188
1873 483 2189
1873 483 2190
1872 483 2191
1871 483 2192
1870 484 2193
1870 484 2194
1868 484 2195
1866 484 2196
1864 484 2197
1863 484 2198
1861 484 2199
1859 484 2200
1857 485 2201
1854 485 2202
1850 485 2203
1847 485 2204
1845 485 2205
1842 486 2206
1838 487 2207
1835 487 2208
1830 487 2209
1826 488 2210
1823 488 2211
1819 489 2212
1815 490 2213
1810 490 2214
1806 490 2215
1801 491 2216
1798 491 2217
1794 492 2218
1790 493 2219
1786 493 2220
1782 494 2221
1778 495 2222
1774 495 2223
1770 496 2224
1766 496 2225
1762 497 2226
1759 498 2227
1755 498 2228
1752 499 2229
1748 499 2230
1744 499 2231
1742 500 2232
1739 500 2233
1736 501 2234
1734 501 2235
1731 502 2236
1730 502 2237
1727 502 2238
1725 502 2239
1724 503 2240
1722 503 2241
1720 503 2242
1719 503 2243
1718 503 2244
1717 503 2245
1716 504 2246
1715 504 2247
1714 504 2248
1713 504 2249
1712 504 2250
1712 504 2251
1712 505 2252
1711 505 2253
1710 504 2254
1711 505 2255
1711 505 2256
1710 505 2257
1710 505 2258
1711 505 2259
1711 505 2260
1712 505 2261
1712 505 2262
1712 506 2263
1712 505 2264
1713 505 2265
1712 505 2266
1712 506 2267
1712 505 2268
1712 505 2269
1712 505 2270
1712 505 2271
1712 505 2272
1712 505 2273
1712 505 2274
1712 505 2275
1712 505 2276
1712 505 2277
1712 505 2278
1711 505 2279
1711 504 2280
1711 504 2281
1711 505 2282
1710 505 2283
1711 505 2284
1711 505 2285
1711 505 2286
1711 505 2287
1711 505 2288
1711 505 2289
1711 505 2290
1711 505 2291
1711 505 2292
1710 505 2293
1710 504 2294
1710 504 2295
1710 504 2296
1711 504 2297
1711 504 2298
1711 504 2299
1711 504 2300
1711 504 2301
1711 504 2302
1711 503 2303
1711 503 2304
1711 503 2305
1712 503 2306
1712 503 2307
1712 503 2308
1712 503 2309
1712 503 2310
1712 503 2311
1711 503 2312
1712 503 2313
1712 502 2314
1712 502 2315
1712 502 2316
1712 501 2317
1712 501 2318
1712 501 2319
1712 501 2320
1713 501 2321
1712 501 2322
1712 501 2323
1712 501 2324
1713 500 2325
1712 500 2326
1712 500 2327
1712 500 2328
1712 500 2329
1712 499 2330
1712 499 2331
1712 499 2332
1712 499 2333
1711 499 2334
1712 499 2335
1712 499 2336
1712 499 2337
1711 499 2338
1711 499 2339
1711 499 2340
1712 499 2341
1712 498 2342
1712 498 2343
1712 498 2344
1712 498 2345
1712 498 2346
1711 498 2347
1711 498 2348
1712 498 2349
1712 498 2350
1712 499 2351
1712 499 2352
1712 499 2353
1712 499 2354
1711 499 2355
1712 499 2356
1712 498 2357
1712 498 2358
1712 498 2359
1712 498 2360
1712 499 2361
1712 499 2362
1712 499 2363
1712 499 2364
1712 499 2365
1712 499 2366
1712 499 2367
1712 499 2368
1712 498 2369
1713 499 2370
1712 499 2371
1712 499 2372
1712 498 2373
1712 499 2374
1712 499 2375
1712 499 2376
1712 499 2377
1713 499 2378
1713 499 2379
1713 498 2380
1713 499 2381
1713 499 2382
1713 499 2383
1713 499 2384
1713 499 2385
1713 499 2386
1713 499 2387
1712 499 2388
1713 499 2389
1713 499 2390
1713 499 2391
1713 499 2392
1713 499 2393
1712 499 2394
1713 499 2395
1713 499 2396
1713 499 2397
1713 499 2398
1713 499 2399
1712 499 2400
1712 499 2401
1713 499 2402
1713 499 2403
1713 499 2404
1713 499 2405
1713 499 2406
1713 499 2407
1712 499 2408
1713 499 2409
1713 499 2410
1713 499 2411
1713 499 2412
1713 499 2413
1713 498 2414
1712 498 2415
1713 498 2416
1713 498 2417
1713 498 2418
1713 498 2419
1713 499 2420
1713 499 2421
1713 498 2422
1713 498 2423
1712 498 2424
1712 498 2425
1712 498 2426
1712 498 2427
1712 498 2428
1712 498 2429
1712 498 2430
1712 498 2431
1712 498 2432
1712 498 2433
1712 498 2434
1712 498 2435
1712 498 2436
1712 498 2437
1712 498 2438
1712 498 2439
1712 498 2440
1712 498 2441
1712 498 2442
1712 498 2443
1712 498 2444
1712 498 2445
1712 498 2446
1712 498 2447
1712 498 2448
1711 498 2449
1712 498 2450
1712 498 2451
1712 498 2452
1712 497 2453
1712 497 2454
1712 498 2455
1711 498 2456
1711 498 2457
1712 498 2458
1712 498 2459
1712 498 2460
1712 498 2461
1711 498 2462
1712 498 2463
1712 498 2464
1711 498 2465
1711 498 2466
1711 498 2467
1710 497 2468
1710 497 2469
1710 497 2470
1708 497 2471
1707 498 2472
1706 498 2473
1705 498 2474
1704 498 2475
1702 498 2476
1701 498 2477
1699 498 2478
1697 499 2479
1695 499 2480
1693 499 2481
1691 499 2482
1689 500 2483
1687 501 2484
1685 501 2485
1683 502 2486
1681 503 2487
1679 503 2488
1676 504 2489
1674 504 2490
1672 506 2491
1670 507 2492
1667 508 2493
1665 509 2494
1662 509 2495
1660 510 2496
1657 510 2497
1655 512 2498
1653 513 2499
1650 514 2500
1647 515 2501
1644 516 2502
1642 517 2503
1639 518 2504
1636 519 2505
1634 521 2506
1630 522 2507
1628 523 2508
1625 523 2509
1622 525 2510
1619 526 2511
1617 528 2512
1614 529 2513
1611 530 2514
1608 532 2515
1606 534 2516
1604 535 2517
1601 536 2518
1598 538 2519
1596 539 2520
1594 540 2521
1592 541 2522
1589 543 2523
1587 544 2524
1585 544 2525
1583 546 2526
1581 547 2527
1579 548 2528
1578 549 2529
1576 549 2530
1574 551 2531
1572 551 2532
1571 552 2533
1569 552 2534
1567 553 2535
1564 553 2536
1563 554 2537
1561 554 2538
1559 554 2539
1556 555 2540
1554 556 2541
1552 556 2542
1550 556 2543
1548 557 2544
1546 557 2545
1544 559 2546
1542 560 2547
1540 560 2548
1538 560 2549
1536 561 2550
1535 562 2551
1533 563 2552
1531 563 2553
1529 564 2554
1527 565 2555
1525 565 2556
1523 566 2557
1522 566 2558
1520 567 2559
1519 568 2560
1517 568 2561
1515 568 2562
1513 569 2563
1511 570 2564
1509 570 2565
1508 571 2566
1505 571 2567
1504 572 2568
1502 572 2569
1501 572 2570
1499 572 2571
1498 573 2572
1496 574 2573
1494 574 2574
1492 574 2575
1490 574 2576
1488 575 2577
1487 575 2578
1485 575 2579
1483 575 2580
1481 575 2581
1479 576 2582
1477 577 2583
1475 576 2584
1473 576 2585
1471 576 2586
1469 576 2587
1467 577 2588
1465 577 2589
1462 577 2590
1460 577 2591
1458 577 2592
1455 577 2593
1453 578 2594
1451 578 2595
1449 578 2596
1446 578 2597
1443 578 2598
1441 579 2599
1439 579 2600
1436 579 2601
1433 579 2602
1430 579 2603
1428 579 2604
1425 580 2605
1422 580 2606
1420 581 2607
1417 580 2608
1414 581 2609
1410 581 2610
1407 581 2611
1405 582 2612
1402 582 2613
1398 582 2614
1395 582 2615
1392 582 2616
1388 583 2617
1385 583 2618
1381 584 2619
1378 584 2620
1374 584 2621
1370 583 2622
1367 584 2623
1363 584 2624
1359 584 2625
1355 584 2626
1351 584 2627
1347 584 2628
1343 583 2629
1339 583 2630
1335 583 2631
1331 583 2632
1327 582 2633
1323 582 2634
1318 582 2635
1314 581 2636
1310 582 2637
1306 582 2638
1301 581 2639
1297 581 2640
1293 581 2641
1290 581 2642
1285 580 2643
1281 580 2644
1278 580 2645
1275 579 2646
1272 579 2647
1268 579 2648
1265 578 2649
1262 578 2650
1258 577 2651
1254 576 2652
1250 576 2653
1247 575 2654
1242 575 2655
1238 575 2656
1234 574 2657
1230 573 2658
1226 573 2659
1221 572 2660
1217 572 2661
1212 571 2662
1207 571 2663
1202 571 2664
1198 570 2665
1193 569 2666
1189 569 2667
1184 569 2668
1179 568 2669
1175 568 2670
1170 567 2671
1166 566 2672
1161 566 2673
1156 565 2674
1151 564 2675
1146 564 2676
1140 564 2677
1136 563 2678
1131 563 2679
1126 562 2680
1120 562 2681
1115 561 2682
1110 560 2683
1105 560 2684
1099 560 2685
1094 559 2686
1088 558 2687
1082 558 2688
1077 558 2689
1072 557 2690
1066 556 2691
1061 556 2692
1055 555 2693
1049 554 2694
1044 554 2695
1038 553 2696
1032 552 2697
1026 552 2698
1021 551 2699
1015 549 2700
1009 548 2701
1003 547 2702
997 544 2703
991 542 2704
985 539 2705
979 536 2706
973 532 2707
967 528 2708
960 524 2709
954 520 2710
948 516 2711
942 512 2712
936 508 2713
930 504 2714
924 500 2715
918 495 2716
912 491 2717
906 486 2718
900 482 2719
894 477 2720
888 472 2721
882 467 2722
876 463 2723
870 458 2724
864 453 2725
858 449 2726
852 444 2727
846 439 2728
840 434 2729
834 429 2730
827 425 2731
822 420 2732
816 415 2733
811 409 2734
805 405 2735
799 400 2736
793 395 2737
788 390 2738
781 385 2739
775 380 2740
770 375 2741
765 370 2742
759 365 2743
753 360 2744
747 354 2745
741 350 2746
736 344 2747
730 339 2748
725 334 2749
720 328 2750
714 324 2751
709 318 2752
705 312 2753
699 307 2754
694 302 2755
690 297 2756
684 291 2757
680 286 2758
676 281 2759
672 276 2760
667 271 2761
664 266 2762
660 261 2763
657 256 2764
653 250 2765
650 246 2766
646 242 2767
643 236 2768
640 231 2769
637 226 2770
635 222 2771
633 217 2772
631 212 2773
629 207 2774
627 202 2775
625 198 2776
624 194 2777
623 189 2778
621 185 2779
621 181 2780
620 177 2781
620 173 2782
619 169 2783
619 165 2784
618 161 2785
618 159 2786
618 156 2787
618 153 2788
618 150 2789
618 148 2790
618 146 2791
619 145 2792
619 143 2793
620 141 2794
620 140 2795
621 140 2796
622 139 2797
623 139 2798
624 138 2799
625 138 2800
626 137 2801
628 137 2802
629 137 2803
631 137 2804
632 137 2805
634 137 2806
636 137 2807
638 138 2808
640 138 2809
641 139 2810
643 139 2811
645 139 2812
647 140 2813
649 141 2814
652 142 2815
654 142 2816
656 143 2817
658 145 2818
660 146 2819
663 147 2820
666 148 2821
669 150 2822
671 151 2823
675 152 2824
678 154 2825
681 156 2826
685 157 2827
688 159 2828
691 160 2829
695 161 2830
699 163 2831
702 164 2832
705 165 2833
709 166 2834
712 168 2835
715 168 2836
718 168 2837
721 169 2838
724 170 2839
727 170 2840
730 170 2841
732 170 2842
734 170 2843
737 170 2844
739 170 2845
742 169 2846
745 169 2847
748 169 2848
752 169 2849
754 169 2850
757 169 2851
761 169 2852
764 170 2853
767 170 2854
770 170 2855
773 171 2856
776 172 2857
779 172 2858
783 172 2859
786 174 2860
790 175 2861
793 176 2862
796 177 2863
800 177 2864
804 179 2865
808 180 2866
812 181 2867
816 182 2868
819 183 2869
823 185 2870
827 185 2871
831 186 2872
835 188 2873
840 188 2874
844 189 2875
848 190 2876
852 191 2877
857 192 2878
861 193 2879
865 195 2880
869 195 2881
874 196 2882
879 198 2883
883 198 2884
887 199 2885
891 201 2886
895 201 2887
899 202 2888
903 204 2889
906 204 2890
910 205 2891
914 206 2892
918 208 2893
921 209 2894
924 210 2895
927 211 2896
930 213 2897
934 214 2898
937 215 2899
939 216 2900
943 217 2901
946 219 2902
949 220 2903
951 221 2904
954 222 2905
957 224 2906
960 225 2907
963 226 2908
967 226 2909
970 227 2910
974 228 2911
977 229 2912
980 231 2913
983 232 2914
987 232 2915
990 234 2916
994 236 2917
998 237 2918
1002 239 2919
1005 240 2920
1009 242 2921
1014 244 2922
1018 246 2923
1022 247 2924
1026 248 2925
1030 250 2926
1035 252 2927
1038 254 2928
1042 256 2929
1046 258 2930
1050 259 2931
1054 261 2932
1058 262 2933
1062 263 2934
1065 264 2935
1069 266 2936
1072 267 2937
1076 268 2938
1079 270 2939
1083 271 2940
1087 272 2941
1089 274 2942
1093 275 2943
1096 275 2944
1100 276 2945
1102 278 2946
1105 279 2947
1108 280 2948
1111 281 2949
1114 282 2950
1117 283 2951
1121 283 2952
1123 285 2953
1126 286 2954
1129 286 2955
1132 288 2956
1135 288 2957
1138 288 2958
1142 288 2959
1145 290 2960
1148 291 2961
1151 291 2962
1153 291 2963
1157 292 2964
1160 293 2965
1163 293 2966
1166 294 2967
1169 294 2968
1172 294 2969
1175 294 2970
1179 295 2971
1182 295 2972
1185 296 2973
1188 297 2974
1192 297 2975
1196 297 2976
1199 297 2977
1202 299 2978
1205 298 2979
1208 299 2980
1211 300 2981
1215 300 2982
1218 300 2983
1222 301 2984
1224 302 2985
1227 302 2986
1231 303 2987
1233 304 2988
1236 305 2989
1239 305 2990
1241 306 2991
1244 307 2992
1248 308 2993
1250 309 2994
1252 309 2995
1255 311 2996
1258 312 2997
1260 312 2998
1263 314 2999
1266 315 3000
1268 317 3001
1270 318 3002
1272 319 3003
1275 320 3004
1277 321 3005
1279 322 3006
1281 324 3007
1282 325 3008
1284 327 3009
1286 329 3010
1288 330 3011
1289 331 3012
1290 333 3013
1292 334 3014
1293 335 3015
1295 337 3016
1296 338 3017
1297 340 3018
1297 342 3019
1298 344 3020
1299 346 3021
1300 348 3022
1301 350 3023
1302 351 3024
1302 353 3025
1302 354 3026
1304 356 3027
1305 358 3028
1305 360 3029
1307 362 3030
1307 363 3031
1307 366 3032
1308 368 3033
1308 370 3034
1309 371 3035
1310 373 3036
1310 375 3037
1311 377 3038
1312 378 3039
1313 380 3040
1313 382 3041
1314 384 3042
1314 386 3043
1315 387 3044
1316 389 3045
1317 391 3046
1318 393 3047
1319 394 3048
1319 396 3049
1320 398 3050
1322 400 3051
1323 401 3052
1324 403 3053
1326 405 3054
1326 407 3055
1328 408 3056
1329 410 3057
1331 412 3058
1333 413 3059
1335 415 3060
1336 417 3061
1338 418 3062
1339 419 3063
1342 421 3064
1344 423 3065
1347 425 3066
1348 426 3067
1350 427 3068
1352 429 3069
1354 430 3070
1356 432 3071
1358 433 3072
1359 435 3073
1361 435 3074
1362 437 3075
1364 438 3076
1365 439 3077
1367 441 3078
1368 443 3079
1369 445 3080
1370 447 3081
1372 449 3082
1373 451 3083
1374 452 3084
1376 453 3085
1377 455 3086
1378 457 3087
1381 459 3088
1382 460 3089
1384 462 3090
1385 464 3091
1387 466 3092
1388 468 3093
1391 470 3094
1393 471 3095
1395 472 3096
1398 474 3097
1400 476 3098
1402 478 3099
1404 479 3100
1407 480 3101
1410 482 3102
1413 484 3103
1415 485 3104
1418 487 3105
1420 489 3106
1423 490 3107
1425 492 3108
1428 493 3109
1430 495 3110
1432 497 3111
1434 499 3112
1437 501 3113
1439 502 3114
1442 503 3115
1445 505 3116
1446 507 3117
1448 509 3118
1451 510 3119
1453 513 3120
1455 515 3121
1457 517 3122
1458 519 3123
1460 520 3124
1462 522 3125
1463 524 3126
1464 526 3127
1466 528 3128
1468 530 3129
1469 532 3130
1471 534 3131
1473 535 3132
1475 537 3133
1477 539 3134
1479 541 3135
1481 543 3136
1483 545 3137
1485 546 3138
1487 548 3139
1489 550 3140
1492 551 3141
1495 552 3142
1498 553 3143
1500 554 3144
1502 555 3145
1505 555 3146
1507 556 3147
1509 556 3148
1511 557 3149
1513 558 3150
1516 558 3151
1517 558 3152
1519 559 3153
1521 559 3154
1523 560 3155
1525 560 3156
1526 560 3157
1528 560 3158
1529 560 3159
1531 561 3160
1532 561 3161
1534 561 3162
1536 561 3163
1537 562 3164
1538 562 3165
1540 562 3166
1541 563 3167
1544 564 3168
1544 564 3169
1546 564 3170
1548 564 3171
1549 564 3172
1551 564 3173
1552 565 3174
1553 565 3175
1554 565 3176
1555 566 3177
1556 567 3178
1557 567 3179
1559 567 3180
1560 568 3181
1561 569 3182
1561 569 3183
1563 570 3184
1564 570 3185
1565 571 3186
1566 571 3187
1568 571 3188
1569 572 3189
1571 573 3190
1572 573 3191
1574 573 3192
1576 574 3193
1579 575 3194
1582 575 3195
1584 575 3196
1588 575 3197
1592 576 3198
1595 576 3199
1599 576 3200
1603 577 3201
1607 577 3202
1612 577 3203
1617 578 3204
1621 578 3205
1627 579 3206
1632 578 3207
1638 579 3208
1644 579 3209
1650 579 3210
1656 579 3211
1663 580 3212
1671 580 3213
1677 580 3214
1685 580 3215
1693 580 3216
1700 581 3217
1708 581 3218
1716 581 3219
1724 581 3220
1732 581 3221
1740 581 3222
1748 581 3223
1756 581 3224
1764 581 3225
1772 581 3226
1780 582 3227
1788 582 3228
1796 582 3229
1804 581 3230
1812 581 3231
1820 581 3232
1828 581 3233
1836 581 3234
1845 582 3235
1853 581 3236
1860 581 3237
1868 581 3238
1876 581 3239
1883 581 3240
1891 581 3241
1898 580 3242
