1495 558 719
1495 557 720
1494 558 721
1493 558 722
1492 558 723
1491 559 724
1490 560 725
1489 561 726
1488 561 727
1486 561 728
1486 561 729
1484 562 730
1484 562 731
1482 562 732
1481 563 733
1479 563 734
1479 563 735
1478 564 736
1476 564 737
1475 565 738
1473 565 739
1472 565 740
1472 565 741
1470 565 742
1470 565 743
1468 566 744
1468 567 745
1467 567 746
1465 567 747
1465 567 748
1463 567 749
1463 567 750
1461 568 751
1460 568 752
1459 568 753
1458 568 754
1457 569 755
1456 569 756
1455 569 757
1453 569 758
1453 569 759
1451 569 760
1451 569 761
1449 569 762
1448 570 763
1447 571 764
1445 570 765
1445 570 766
1443 570 767
1442 570 768
1442 570 769
1440 571 770
1439 571 771
1438 571 772
1437 571 773
1436 571 774
1434 571 775
1433 572 776
1432 571 777
1431 572 778
1430 572 779
1429 572 780
1427 573 781
1426 573 782
1425 573 783
1423 573 784
1423 572 785
1421 573 786
1420 573 787
1419 573 788
1418 574 789
1416 574 790
1416 574 791
1414 574 792
1413 575 793
1412 575 794
1411 576 795
1410 576 796
1408 576 797
1408 577 798
1406 577 799
1405 577 800
1404 578 801
1402 578 802
1402 578 803
1400 578 804
1399 579 805
1398 579 806
1396 579 807
1395 579 808
1394 580 809
1393 580 810
1391 580 811
1390 581 812
1389 582 813
1388 582 814
1386 582 815
1384 582 816
1384 582 817
1382 583 818
1381 583 819
1379 584 820
1378 585 821
1376 585 822
1375 585 823
1374 585 824
1372 586 825
1370 586 826
1369 586 827
1368 587 828
1366 587 829
1364 588 830
1363 588 831
1362 589 832
1360 589 833
1358 589 834
1358 589 835
1356 590 836
1354 590 837
1353 591 838
1351 591 839
1351 591 840
1349 591 841
1347 592 842
1346 592 843
1344 592 844
1344 593 845
1341 594 846
1341 594 847
1339 594 848
1338 594 849
1336 594 850
1334 594 851
1333 594 852
1332 594 853
1330 594 854
1329 595 855
1327 596 856
1325 596 857
1325 596 858
1322 596 859
1321 596 860
1320 596 861
1318 596 862
1316 597 863
1316 597 864
1313 597 865
1313 597 866
1310 597 867
1309 597 868
1308 597 869
1306 597 870
1304 598 871
1303 598 872
1302 599 873
1300 598 874
1298 599 875
1297 599 876
1296 599 877
1294 599 878
1292 600 879
1291 599 880
1289 599 881
1287 600 882
1286 600 883
1284 600 884
1283 600 885
1281 600 886
1279 600 887
1278 600 888
1276 600 889
1274 600 890
1274 600 891
1271 600 892
1271 600 893
1269 600 894
1267 600 895
1267 600 896
1265 600 897
1263 601 898
1262 600 899
1261 601 900
1260 601 901
1258 601 902
1257 600 903
1256 600 904
1255 601 905
1254 601 906
1252 601 907
1251 601 908
1250 600 909
1249 601 910
1248 601 911
1246 601 912
1244 601 913
1244 601 914
1242 601 915
1240 601 916
1238 600 917
1237 600 918
1236 600 919
1234 600 920
1232 600 921
1231 600 922
1229 600 923
1228 600 924
1225 600 925
1224 600 926
1222 599 927
1220 600 928
1218 600 929
1218 600 930
1215 599 931
1214 599 932
1212 599 933
1211 599 934
1208 599 935
1208 599 936
1206 599 937
1205 599 938
1203 599 939
1202 599 940
1200 599 941
1198 599 942
1196 599 943
1196 599 944
1194 599 945
1192 600 946
1190 600 947
1190 600 948
1187 600 949
1187 601 950
1184 600 951
1183 600 952
1181 600 953
1180 600 954
1178 600 955
1176 600 956
1175 601 957
1173 601 958
1171 601 959
1170 601 960
1168 601 961
1166 601 962
1165 601 963
1163 601 964
1160 601 965
1160 601 966
1158 602 967
1157 601 968
1155 601 969
1153 602 970
1151 602 971
1151 602 972
1149 602 973
1147 602 974
1145 602 975
1145 602 976
1142 602 977
1142 602 978
1140 602 979
1138 602 980
1137 602 981
1136 602 982
1134 602 983
1133 602 984
1131 602 985
1131 602 986
1129 602 987
1127 602 988
1126 603 989
1125 603 990
1123 603 991
1123 603 992
1121 603 993
1120 603 994
1119 603 995
1118 603 996
1116 603 997
1116 603 998
1114 603 999
1113 603 1000
1112 602 1001
1112 602 1002
1110 603 1003
1109 603 1004
1107 603 1005
1106 603 1006
1105 603 1007
1104 603 1008
1102 602 1009
1102 603 1010
1099 603 1011
1099 603 1012
1097 603 1013
1096 603 1014
1093 602 1015
1093 603 1016
1091 602 1017
1090 602 1018
1088 602 1019
1087 602 1020
1085 603 1021
1084 602 1022
1082 602 1023
1081 602 1024
1079 602 1025
1078 602 1026
1076 602 1027
1075 602 1028
1073 602 1029
1072 602 1030
1070 602 1031
1069 602 1032
1067 602 1033
1066 602 1034
1065 602 1035
1063 602 1036
1061 602 1037
1059 602 1038
1059 602 1039
1056 602 1040
1055 602 1041
1053 602 1042
1051 601 1043
1050 601 1044
1048 601 1045
1047 601 1046
1045 601 1047
1043 602 1048
1042 602 1049
1040 601 1050
1039 601 1051
1037 601 1052
1035 601 1053
1034 601 1054
1031 601 1055
1031 601 1056
1028 601 1057
1027 601 1058
1026 601 1059
1023 600 1060
1022 600 1061
1020 599 1062
1019 599 1063
1017 599 1064
1015 598 1065
1013 598 1066
1011 598 1067
1010 597 1068
1008 596 1069
1006 596 1070
1005 595 1071
1002 594 1072
1001 594 1073
999 593 1074
997 592 1075
995 591 1076
992 590 1077
991 590 1078
989 589 1079
986 588 1080
984 587 1081
982 586 1082
979 585 1083
977 585 1084
976 583 1085
972 583 1086
971 583 1087
968 581 1088
966 581 1089
964 579 1090
961 578 1091
958 578 1092
957 577 1093
953 575 1094
951 575 1095
949 574 1096
946 573 1097
944 572 1098
941 570 1099
938 570 1100
936 569 1101
933 568 1102
930 567 1103
927 566 1104
925 564 1105
922 564 1106
920 563 1107
916 562 1108
913 561 1109
910 559 1110
908 558 1111
903 557 1112
901 556 1113
898 555 1114
894 554 1115
891 552 1116
888 551 1117
885 549 1118
881 547 1119
878 546 1120
875 544 1121
872 543 1122
868 541 1123
866 539 1124
862 538 1125
860 535 1126
857 533 1127
853 531 1128
851 529 1129
847 528 1130
844 526 1131
841 524 1132
837 522 1133
835 520 1134
831 518 1135
828 516 1136
825 515 1137
822 513 1138
818 511 1139
816 509 1140
812 507 1141
808 505 1142
806 503 1143
802 500 1144
799 498 1145
796 496 1146
792 494 1147
789 492 1148
786 490 1149
782 488 1150
779 486 1151
775 484 1152
771 481 1153
768 479 1154
764 477 1155
761 475 1156
757 473 1157
752 472 1158
749 469 1159
745 467 1160
741 465 1161
737 463 1162
733 461 1163
729 459 1164
725 458 1165
721 455 1166
717 453 1167
713 451 1168
708 449 1169
705 447 1170
702 445 1171
697 442 1172
693 441 1173
689 438 1174
684 436 1175
680 434 1176
676 432 1177
672 429 1178
667 427 1179
663 424 1180
658 422 1181
654 420 1182
650 417 1183
645 414 1184
640 412 1185
636 409 1186
632 406 1187
627 404 1188
623 401 1189
618 398 1190
615 396 1191
609 393 1192
606 390 1193
601 386 1194
598 383 1195
592 380 1196
589 377 1197
584 374 1198
580 370 1199
576 366 1200
572 363 1201
567 360 1202
563 355 1203
559 351 1204
554 347 1205
550 343 1206
546 339 1207
541 334 1208
537 329 1209
533 325 1210
528 320 1211
525 314 1212
520 310 1213
516 304 1214
513 299 1215
508 293 1216
504 288 1217
500 282 1218
497 277 1219
492 271 1220
488 265 1221
485 260 1222
480 255 1223
476 249 1224
472 243 1225
468 237 1226
463 232 1227
459 226 1228
454 220 1229
450 215 1230
445 209 1231
440 204 1232
435 198 1233
430 192 1234
425 187 1235
420 182 1236
415 177 1237
410 171 1238
405 166 1239
399 160 1240
393 154 1241
388 150 1242
383 144 1243
376 138 1244
372 132 1245
365 127 1246
360 121 1247
354 115 1248
349 109 1249
343 103 1250
338 97 1251
332 91 1252
326 85 1253
321 79 1254
316 72 1255
309 65 1256
304 58 1257
299 51 1258
293 45 1259
287 38 1260
283 31 1261
278 23 1262
274 16 1263
1870 286 1878
1870 286 1879
1868 287 1880
1863 287 1881
1862 290 1882
1859 291 1883
1856 291 1884
1853 293 1885
1851 294 1886
1847 296 1887
1844 296 1888
1840 298 1889
1838 299 1890
1834 301 1891
1832 302 1892
1831 305 1893
1826 306 1894
1823 307 1895
1820 309 1896
1818 309 1897
1817 312 1898
1814 312 1899
1810 314 1900
1810 317 1901
1806 316 1902
1803 319 1903
1801 320 1904
1799 322 1905
1797 324 1906
1795 326 1907
1793 328 1908
1790 330 1909
1790 331 1910
1788 334 1911
1785 335 1912
1785 338 1913
1781 340 1914
1781 342 1915
1778 344 1916
1776 346 1917
1775 348 1918
1774 351 1919
1772 353 1920
1771 356 1921
1769 359 1922
1768 360 1923
1766 362 1924
1765 365 1925
1764 367 1926
1764 370 1927
1762 372 1928
1762 375 1929
1761 376 1930
1759 377 1931
1758 380 1932
1757 381 1933
1755 383 1934
1755 386 1935
1753 388 1936
1752 390 1937
1751 392 1938
1750 394 1939
1749 396 1940
1749 398 1941
1747 400 1942
1746 402 1943
1746 404 1944
1744 406 1945
1744 408 1946
1743 410 1947
1742 412 1948
1742 414 1949
1741 416 1950
1740 418 1951
1740 420 1952
1738 422 1953
1738 424 1954
1738 425 1955
1737 428 1956
1737 429 1957
1736 432 1958
1735 433 1959
1735 435 1960
1735 437 1961
1734 438 1962
1735 442 1963
1734 441 1964
1734 444 1965
1733 446 1966
1732 447 1967
1732 449 1968
1732 451 1969
1732 453 1970
1732 455 1971
1731 456 1972
1731 458 1973
1731 459 1974
1731 462 1975
1731 462 1976
1730 465 1977
1731 467 1978
1729 468 1979
1730 471 1980
1730 472 1981
1729 474 1982
1729 476 1983
1729 477 1984
1729 479 1985
1728 482 1986
1729 483 1987
1728 485 1988
1728 487 1989
1727 489 1990
1728 491 1991
1727 492 1992
1727 494 1993
1727 497 1994
1727 498 1995
1727 500 1996
1726 502 1997
1727 504 1998
1726 505 1999
1726 507 2000
1726 508 2001
1726 510 2002
1725 510 2003
1725 511 2004
1724 511 2005
1724 511 2006
1723 511 2007
1722 512 2008
1723 512 2009
1721 512 2010
1721 511 2011
1721 512 2012
1721 512 2013
1720 512 2014
1720 513 2015
1720 512 2016
1720 512 2017
1720 512 2018
1719 512 2019
1719 512 2020
1720 512 2021
1719 513 2022
1719 513 2023
1720 513 2024
1719 514 2025
1719 515 2026
1720 516 2027
1719 517 2028
1719 518 2029
1720 519 2030
1719 522 2031
1719 522 2032
1719 525 2033
1719 525 2034
1719 528 2035
1719 529 2036
1718 531 2037
1719 533 2038
1718 535 2039
1719 536 2040
1717 537 2041
1718 539 2042
1717 541 2043
1718 542 2044
1716 544 2045
1718 544 2046
1715 546 2047
1717 546 2048
1715 548 2049
1718 548 2050
1716 548 2051
1717 549 2052
1716 549 2053
1718 548 2054
1715 549 2055
1718 549 2056
1716 548 2057
1718 548 2058
1715 548 2059
1718 549 2060
1715 548 2061
1717 548 2062
1715 548 2063
1716 548 2064
1715 548 2065
1716 548 2066
1714 547 2067
1715 548 2068
1713 548 2069
1714 548 2070
1713 548 2071
1714 547 2072
1712 548 2073
1712 548 2074
1712 548 2075
1712 548 2076
1710 549 2077
1711 548 2078
1708 549 2079
1710 548 2080
1708 549 2081
1708 548 2082
1707 549 2083
1708 549 2084
1706 549 2085
1706 550 2086
1705 550 2087
1705 550 2088
1704 549 2089
1705 550 2090
1703 550 2091
1704 550 2092
1703 550 2093
1704 550 2094
1701 550 2095
1704 551 2096
1701 551 2097
1703 551 2098
1701 551 2099
1702 552 2100
1700 551 2101
1702 552 2102
1700 552 2103
1701 552 2104
1700 553 2105
1701 552 2106
1699 553 2107
1702 553 2108
1699 554 2109
1701 553 2110
1699 555 2111
1701 554 2112
1698 555 2113
1701 556 2114
1698 556 2115
1700 556 2116
1698 557 2117
1699 558 2118
1698 558 2119
1699 558 2120
1697 559 2121
1698 559 2122
1697 560 2123
1697 560 2124
1697 561 2125
1697 561 2126
1696 562 2127
1697 562 2128
1695 562 2129
1698 563 2130
1695 563 2131
1697 563 2132
1694 564 2133
1697 564 2134
1694 565 2135
1697 564 2136
1694 566 2137
1696 566 2138
1694 566 2139
1696 566 2140
1693 567 2141
1696 567 2142
1693 567 2143
1695 568 2144
1693 568 2145
1694 569 2146
1693 569 2147
1694 569 2148
1692 570 2149
1693 570 2150
1692 570 2151
1692 571 2152
1692 571 2153
1691 572 2154
1691 572 2155
1691 572 2156
1690 573 2157
1691 573 2158
1689 573 2159
1689 573 2160
1690 574 2161
1689 574 2162
1689 575 2163
1688 574 2164
1689 575 2165
1688 575 2166
1688 576 2167
1688 575 2168
1689 576 2169
1687 576 2170
1688 576 2171
1688 577 2172
1688 576 2173
1687 577 2174
1688 577 2175
1688 577 2176
1687 576 2177
1688 578 2178
1687 577 2179
1687 578 2180
1687 578 2181
1687 578 2182
1686 578 2183
1686 578 2184
1686 578 2185
1685 579 2186
1685 579 2187
1685 578 2188
1685 579 2189
1685 579 2190
1685 579 2191
1684 579 2192
1684 580 2193
1684 579 2194
1684 579 2195
1684 580 2196
1684 579 2197
1683 579 2198
1684 580 2199
1683 579 2200
1683 579 2201
1683 579 2202
1683 580 2203
1682 579 2204
1683 579 2205
1682 579 2206
1682 579 2207
1682 579 2208
1682 579 2209
1681 579 2210
1681 579 2211
1681 579 2212
1680 579 2213
1680 579 2214
1680 578 2215
1679 579 2216
1678 578 2217
1678 578 2218
1677 578 2219
1677 579 2220
1675 578 2221
1675 578 2222
1675 578 2223
1673 578 2224
1672 578 2225
1672 578 2226
1671 578 2227
1670 578 2228
1669 578 2229
1669 577 2230
1667 578 2231
1667 578 2232
1666 577 2233
1665 578 2234
1665 577 2235
1664 577 2236
1663 577 2237
1663 577 2238
1661 577 2239
1661 576 2240
1661 577 2241
1660 576 2242
1659 576 2243
1659 576 2244
1658 576 2245
1658 576 2246
1657 575 2247
1656 575 2248
1656 575 2249
1656 575 2250
1655 575 2251
1654 574 2252
1655 575 2253
1654 574 2254
1653 574 2255
1653 574 2256
1653 573 2257
1653 574 2258
1652 573 2259
1652 573 2260
1652 573 2261
1651 573 2262
1652 573 2263
1651 572 2264
1651 573 2265
1650 572 2266
1651 571 2267
1651 572 2268
1650 571 2269
1651 571 2270
1650 570 2271
1651 571 2272
1650 570 2273
1650 570 2274
1651 570 2275
1650 569 2276
1651 570 2277
1651 569 2278
1650 569 2279
1651 568 2280
1651 568 2281
1651 569 2282
1651 568 2283
1651 568 2284
1651 567 2285
1651 568 2286
1652 568 2287
1651 567 2288
1651 567 2289
1652 567 2290
1651 567 2291
1652 567 2292
1651 567 2293
1652 566 2294
1652 566 2295
1652 567 2296
1652 566 2297
1652 566 2298
1652 566 2299
1652 566 2300
1652 565 2301
1652 566 2302
1652 566 2303
1652 565 2304
1652 566 2305
1652 565 2306
1652 565 2307
1653 566 2308
1652 565 2309
1652 565 2310
1653 565 2311
1653 564 2312
1652 565 2313
1653 564 2314
1653 564 2315
1653 564 2316
1653 565 2317
1653 564 2318
1654 564 2319
1653 564 2320
1654 564 2321
1653 564 2322
1654 564 2323
1653 564 2324
1654 564 2325
1653 563 2326
1654 564 2327
1653 564 2328
1654 563 2329
1653 564 2330
1654 563 2331
1653 564 2332
1654 564 2333
1654 563 2334
1654 564 2335
1653 563 2336
1654 564 2337
1654 563 2338
1653 563 2339
1654 564 2340
1654 563 2341
1653 563 2342
1654 564 2343
1653 563 2344
1654 563 2345
1653 563 2346
1654 563 2347
1653 563 2348
1653 563 2349
1654 563 2350
1653 563 2351
1653 563 2352
1654 564 2353
1653 562 2354
1654 563 2355
1654 562 2356
1653 563 2357
1654 562 2358
1654 562 2359
1653 562 2360
1654 562 2361
1654 562 2362
1655 563 2363
1654 562 2364
1655 563 2365
1655 563 2366
1655 563 2367
1655 563 2368
1655 562 2369
1655 562 2370
1655 563 2371
1655 563 2372
1655 562 2373
1654 561 2374
1654 562 2375
1654 561 2376
1654 561 2377
1653 561 2378
1653 561 2379
1654 561 2380
1653 561 2381
1653 561 2382
1654 561 2383
1653 560 2384
1653 561 2385
1653 561 2386
1653 561 2387
1653 561 2388
1653 561 2389
1653 561 2390
1653 561 2391
1653 560 2392
1653 561 2393
1653 561 2394
1653 561 2395
1653 561 2396
1653 561 2397
1653 561 2398
1653 561 2399
1653 560 2400
1653 561 2401
1653 561 2402
1653 561 2403
1653 561 2404
1653 561 2405
1652 560 2406
1653 561 2407
1653 562 2408
1653 561 2409
1652 560 2410
1653 561 2411
1653 561 2412
1653 561 2413
1653 561 2414
1653 562 2415
1653 561 2416
1653 561 2417
1653 562 2418
1652 560 2419
1652 560 2420
1652 560 2421
1652 559 2422
1652 560 2423
1652 560 2424
1653 559 2425
1652 560 2426
1652 559 2427
1654 561 2428
1653 560 2429
1653 560 2430
1654 560 2431
1654 561 2432
1654 560 2433
1654 560 2434
1654 560 2435
1655 560 2436
1655 560 2437
1655 560 2438
1655 560 2439
1654 559 2440
1654 559 2441
1654 559 2442
1654 559 2443
1654 559 2444
1654 560 2445
1654 559 2446
1652 559 2447
1652 559 2448
1651 558 2449
1651 559 2450
1650 559 2451
1649 559 2452
1648 559 2453
1647 558 2454
1646 558 2455
1646 559 2456
1644 558 2457
1644 558 2458
1643 559 2459
1642 558 2460
1642 558 2461
1641 558 2462
1641 558 2463
1641 558 2464
1640 558 2465
1639 558 2466
1639 558 2467
1639 558 2468
1639 558 2469
1639 558 2470
1638 558 2471
1638 558 2472
1638 558 2473
1638 558 2474
1637 558 2475
1636 558 2476
1636 558 2477
1635 558 2478
1634 557 2479
1633 557 2480
1632 557 2481
1632 557 2482
1630 557 2483
1628 557 2484
1628 557 2485
1627 557 2486
1626 557 2487
1624 556 2488
1623 556 2489
1621 556 2490
1621 556 2491
1619 556 2492
1618 556 2493
1616 556 2494
1616 556 2495
1615 556 2496
1614 556 2497
1612 556 2498
1611 556 2499
1610 556 2500
1610 556 2501
1609 556 2502
1607 556 2503
1608 556 2504
1607 556 2505
1606 556 2506
1605 556 2507
1604 556 2508
1603 556 2509
1602 556 2510
1601 556 2511
1601 556 2512
1600 556 2513
1600 555 2514
1600 555 2515
1600 555 2516
1600 556 2517
1600 556 2518
1600 556 2519
1600 556 2520
1600 556 2521
1600 556 2522
1600 556 2523
1600 556 2524
1600 556 2525
1600 556 2526
1600 556 2527
1601 556 2528
1600 556 2529
1600 556 2530
1600 556 2531
1599 556 2532
1598 556 2533
1597 556 2534
1597 555 2535
1596 555 2536
1594 556 2537
1593 555 2538
1592 555 2539
1591 555 2540
1589 555 2541
1589 555 2542
1588 556 2543
1587 555 2544
1586 555 2545
1585 555 2546
1585 555 2547
1585 555 2548
1584 555 2549
1583 555 2550
1582 555 2551
1583 555 2552
1582 555 2553
1582 555 2554
1582 555 2555
1582 555 2556
1582 555 2557
1581 554 2558
1581 554 2559
1581 555 2560
1582 554 2561
1582 554 2562
1582 555 2563
1583 554 2564
1583 554 2565
1583 555 2566
1583 554 2567
1583 554 2568
1583 554 2569
1583 554 2570
1583 554 2571
1583 554 2572
1583 554 2573
1583 554 2574
1583 554 2575
1583 553 2576
1583 553 2577
1583 554 2578
1583 554 2579
1583 553 2580
1583 553 2581
1582 553 2582
1582 553 2583
1582 553 2584
1582 552 2585
1582 552 2586
1582 552 2587
1583 553 2588
1582 553 2589
1582 553 2590
1583 553 2591
1583 553 2592
1583 553 2593
1583 553 2594
1583 552 2595
1583 553 2596
1583 553 2597
1583 553 2598
1584 553 2599
1584 554 2600
1584 554 2601
1584 553 2602
1583 553 2603
1583 554 2604
1583 554 2605
1583 554 2606
1583 553 2607
1582 553 2608
1581 554 2609
1581 553 2610
1579 553 2611
1579 554 2612
1576 554 2613
1575 553 2614
1574 553 2615
1572 553 2616
1571 552 2617
1568 552 2618
1565 552 2619
1565 552 2620
1562 552 2621
1560 552 2622
1557 552 2623
1556 553 2624
1553 552 2625
1551 553 2626
1549 552 2627
1546 553 2628
1544 553 2629
1541 553 2630
1539 553 2631
1536 553 2632
1533 553 2633
1530 554 2634
1528 553 2635
1526 554 2636
1523 553 2637
1521 553 2638
1519 554 2639
1516 554 2640
1514 553 2641
1512 553 2642
1509 553 2643
1507 554 2644
1506 554 2645
1503 554 2646
1501 554 2647
1500 555 2648
1498 554 2649
1497 554 2650
1495 555 2651
1493 555 2652
1492 555 2653
1491 555 2654
1490 555 2655
1490 555 2656
1489 555 2657
1487 555 2658
1488 555 2659
1487 555 2660
1487 555 2661
1486 555 2662
1486 555 2663
1485 555 2664
1484 555 2665
1484 555 2666
1484 555 2667
1483 555 2668
1484 555 2669
1484 555 2670
1484 555 2671
1484 555 2672
1484 555 2673
1484 555 2674
1484 555 2675
1484 555 2676
1484 555 2677
1484 556 2678
1484 555 2679
1484 555 2680
1484 555 2681
1485 556 2682
1484 555 2683
1484 555 2684
1484 555 2685
1484 555 2686
1484 556 2687
1484 555 2688
1484 555 2689
1484 555 2690
1484 555 2691
1484 555 2692
1484 554 2693
1484 555 2694
1484 555 2695
1484 554 2696
1484 554 2697
1484 554 2698
1484 555 2699
1483 555 2700
1483 555 2701
1483 555 2702
1483 555 2703
1483 555 2704
1483 555 2705
1483 554 2706
1483 554 2707
1483 554 2708
1483 555 2709
1483 555 2710
1484 554 2711
1484 554 2712
1484 554 2713
1484 554 2714
1484 554 2715
1484 555 2716
1484 554 2717
1484 554 2718
1484 554 2719
1484 554 2720
1484 554 2721
1484 554 2722
1484 554 2723
1484 553 2724
1484 553 2725
1484 554 2726
1484 553 2727
1484 554 2728
1484 553 2729
1484 553 2730
1484 552 2731
1484 553 2732
1485 552 2733
1484 552 2734
1485 553 2735
1485 552 2736
1485 552 2737
1485 552 2738
1485 552 2739
1485 552 2740
1485 552 2741
1485 551 2742
1485 551 2743
1485 551 2744
1485 551 2745
1485 551 2746
1485 551 2747
1485 551 2748
1486 551 2749
1485 551 2750
1485 551 2751
1485 551 2752
1486 551 2753
1485 551 2754
1485 551 2755
1486 551 2756
1485 551 2757
1485 551 2758
1485 551 2759
1485 551 2760
1485 551 2761
1486 551 2762
1485 551 2763
1485 551 2764
1485 551 2765
1485 551 2766
1486 551 2767
1486 551 2768
1486 551 2769
1486 551 2770
1486 551 2771
1485 551 2772
1485 551 2773
1486 551 2774
1486 551 2775
1486 551 2776
1486 551 2777
1486 551 2778
1486 551 2779
1484 550 2780
1485 550 2781
1485 551 2782
1485 551 2783
1486 551 2784
1486 551 2785
1486 551 2786
1486 551 2787
1485 551 2788
1485 550 2789
1486 551 2790
1486 551 2791
1485 550 2792
1486 551 2793
1486 551 2794
1486 551 2795
1486 551 2796
1486 551 2797
1486 551 2798
1486 551 2799
1486 551 2800
1486 551 2801
1485 551 2802
1486 551 2803
1486 551 2804
1486 551 2805
1486 551 2806
1486 551 2807
1486 551 2808
1486 552 2809
1486 551 2810
1486 552 2811
1486 551 2812
1486 552 2813
1486 551 2814
1486 552 2815
1486 551 2816
1485 551 2817
1485 551 2818
1486 552 2819
1486 551 2820
1486 551 2821
1486 552 2822
1486 551 2823
1486 552 2824
1486 551 2825
1486 551 2826
1486 551 2827
1486 551 2828
1486 551 2829
1486 551 2830
1486 551 2831
1486 551 2832
1485 550 2833
1486 551 2834
1485 550 2835
1484 550 2836
1486 551 2837
1484 549 2838
1485 550 2839
1486 551 2840
1484 549 2841
1486 551 2842
1484 549 2843
1486 551 2844
1484 550 2845
1486 551 2846
1484 549 2847
1486 551 2848
1484 549 2849
1486 551 2850
1484 550 2851
1486 551 2852
1484 550 2853
1484 550 2854
1486 551 2855
1485 550 2856
1484 549 2857
1486 551 2858
1485 550 2859
1484 549 2860
1486 551 2861
1484 550 2862
1484 550 2863
1485 550 2864
1485 551 2865
1484 549 2866
1486 551 2867
1483 550 2868
1484 551 2869
1484 550 2870
1484 550 2871
1485 551 2872
1485 550 2873
1484 550 2874
1484 551 2875
1484 550 2876
1484 551 2877
1484 551 2878
1484 550 2879
1484 550 2880
1484 550 2881
1483 549 2882
1483 550 2883
1483 551 2884
1481 550 2885
1481 550 2886
1481 550 2887
1480 550 2888
1479 550 2889
1477 550 2890
1475 550 2891
1474 550 2892
1473 550 2893
1470 550 2894
1469 550 2895
1467 550 2896
1465 550 2897
1463 550 2898
1460 550 2899
1458 551 2900
1456 551 2901
1454 551 2902
1452 551 2903
1449 552 2904
1446 552 2905
1443 552 2906
1440 552 2907
1438 552 2908
1435 552 2909
1431 553 2910
1428 553 2911
1425 554 2912
1422 554 2913
1418 554 2914
1413 554 2915
1410 554 2916
1407 556 2917
1403 556 2918
1400 556 2919
1396 557 2920
1392 557 2921
1387 557 2922
1384 557 2923
1380 559 2924
1376 559 2925
1371 560 2926
1367 560 2927
1363 560 2928
1359 561 2929
1355 561 2930
1351 563 2931
1347 563 2932
1343 564 2933
1339 564 2934
1335 565 2935
1330 566 2936
1326 565 2937
1321 565 2938
1318 566 2939
1315 567 2940
1310 567 2941
1307 568 2942
1304 567 2943
1301 568 2944
1297 568 2945
1293 568 2946
1290 568 2947
1287 569 2948
1283 569 2949
1279 569 2950
1276 569 2951
1273 569 2952
1270 569 2953
1266 569 2954
1263 569 2955
1259 570 2956
1256 569 2957
1253 570 2958
1250 569 2959
1247 569 2960
1243 570 2961
1240 570 2962
1237 570 2963
1234 570 2964
1231 571 2965
1228 571 2966
1225 572 2967
1221 571 2968
1218 571 2969
1215 572 2970
1212 572 2971
1209 572 2972
1207 572 2973
1204 572 2974
1201 572 2975
1198 573 2976
1195 573 2977
1192 573 2978
1190 573 2979
1188 573 2980
1185 573 2981
1182 573 2982
1179 573 2983
1177 573 2984
1174 573 2985
1172 574 2986
1170 574 2987
1167 574 2988
1164 573 2989
1162 573 2990
1159 573 2991
1157 573 2992
1155 574 2993
1153 574 2994
1151 574 2995
1148 574 2996
1146 573 2997
1144 573 2998
1141 574 2999
1139 573 3000
1137 573 3001
1135 573 3002
1134 573 3003
1132 573 3004
1130 573 3005
1127 573 3006
1125 573 3007
1123 572 3008
1122 573 3009
1120 572 3010
1118 573 3011
1116 572 3012
1114 573 3013
1112 572 3014
1110 573 3015
1109 572 3016
1107 572 3017
1106 572 3018
1104 572 3019
1102 572 3020
1099 572 3021
1099 572 3022
1097 572 3023
1095 572 3024
1093 572 3025
1091 572 3026
1090 572 3027
1087 572 3028
1085 572 3029
1084 573 3030
1082 572 3031
1079 572 3032
1078 573 3033
1076 572 3034
1074 572 3035
1072 572 3036
1071 572 3037
1067 571 3038
1067 572 3039
1064 571 3040
1062 570 3041
1062 570 3042
1058 569 3043
1058 570 3044
1056 570 3045
1054 569 3046
1053 569 3047
1051 568 3048
1050 569 3049
1047 568 3050
1045 567 3051
1044 566 3052
1043 567 3053
1042 566 3054
1040 566 3055
1040 566 3056
1039 565 3057
1038 565 3058
1037 564 3059
1037 564 3060
1036 564 3061
1036 564 3062
1035 563 3063
1035 563 3064
1034 561 3065
1032 559 3066
1034 560 3067
1031 560 3068
1031 559 3069
1030 558 3070
1029 557 3071
1028 557 3072
1026 557 3073
1025 556 3074
1024 556 3075
1023 555 3076
1022 554 3077
1020 554 3078
1019 553 3079
1018 552 3080
1016 552 3081
1015 551 3082
1013 550 3083
1012 550 3084
1012 549 3085
1010 549 3086
1009 548 3087
1007 548 3088
1007 547 3089
1005 547 3090
1004 546 3091
1002 545 3092
1001 545 3093
999 544 3094
998 543 3095
996 543 3096
995 542 3097
993 541 3098
991 540 3099
991 540 3100
990 539 3101
988 538 3102
986 538 3103
986 538 3104
983 536 3105
982 536 3106
980 535 3107
979 534 3108
978 533 3109
977 533 3110
975 532 3111
974 531 3112
972 529 3113
969 528 3114
970 526 3115
968 524 3116
966 523 3117
965 519 3118
963 517 3119
962 513 3120
960 510 3121
959 506 3122
957 503 3123
955 498 3124
953 494 3125
951 490 3126
950 485 3127
949 480 3128
947 477 3129
946 472 3130
943 468 3131
941 463 3132
939 457 3133
938 453 3134
937 448 3135
934 444 3136
934 440 3137
932 435 3138
930 431 3139
929 425 3140
928 421 3141
926 415 3142
924 411 3143
924 405 3144
922 401 3145
920 395 3146
919 390 3147
917 385 3148
916 381 3149
914 375 3150
913 370 3151
911 365 3152
909 361 3153
908 354 3154
907 350 3155
906 344 3156
904 341 3157
901 335 3158
901 329 3159
899 323 3160
897 318 3161
897 313 3162
894 308 3163
894 302 3164
892 297 3165
890 292 3166
889 286 3167
888 280 3168
886 275 3169
885 269 3170
883 265 3171
882 259 3172
881 255 3173
879 249 3174
879 244 3175
877 239 3176
875 234 3177
875 228 3178
873 224 3179
873 218 3180
872 214 3181
870 208 3182
870 204 3183
869 198 3184
869 194 3185
868 189 3186
867 184 3187
867 178 3188
868 174 3189
866 169 3190
867 166 3191
864 160 3192
865 156 3193
864 151 3194
864 148 3195
863 143 3196
862 141 3197
862 135 3198
861 133 3199
861 128 3200
860 127 3201
858 124 3202
858 121 3203
857 118 3204
856 117 3205
855 115 3206
854 114 3207
853 112 3208
851 112 3209
850 110 3210
849 109 3211
847 107 3212
846 107 3213
843 105 3214
841 106 3215
838 104 3216
837 104 3217
835 103 3218
833 104 3219
830 102 3220
828 103 3221
825 102 3222
824 102 3223
820 101 3224
819 102 3225
816 102 3226
814 103 3227
811 101 3228
808 102 3229
805 102 3230
803 104 3231
800 104 3232
798 105 3233
795 105 3234
792 106 3235
790 106 3236
787 108 3237
785 108 3238
783 110 3239
781 110 3240
779 112 3241
776 113 3242
776 116 3243
773 116 3244
772 118 3245
770 118 3246
769 120 3247
767 120 3248
766 122 3249
764 121 3250
764 122 3251
761 120 3252
761 121 3253
760 120 3254
759 121 3255
759 121 3256
759 122 3257
757 121 3258
757 122 3259
756 120 3260
756 121 3261
754 120 3262
754 120 3263
754 119 3264
753 120 3265
751 119 3266
751 119 3267
749 120 3268
749 120 3269
749 120 3270
749 122 3271
748 122 3272
747 124 3273
747 123 3274
747 125 3275
746 126 3276
746 128 3277
746 128 3278
746 130 3279
745 130 3280
745 132 3281
745 132 3282
745 135 3283
746 135 3284
747 138 3285
747 138 3286
748 140 3287
749 140 3288
749 142 3289
751 143 3290
752 145 3291
752 145 3292
754 147 3293
755 147 3294
758 150 3295
758 151 3296
760 153 3297
761 153 3298
762 156 3299
763 156 3300
764 158 3301
764 159 3302
765 160 3303
766 162 3304
768 164 3305
769 164 3306
769 166 3307
769 166 3308
770 169 3309
771 169 3310
771 172 3311
772 173 3312
774 175 3313
774 176 3314
774 178 3315
775 178 3316
777 181 3317
777 181 3318
777 183 3319
780 184 3320
781 186 3321
782 187 3322
783 188 3323
786 189 3324
787 191 3325
789 192 3326
791 194 3327
792 196 3328
795 198 3329
796 199 3330
798 201 3331
801 203 3332
803 206 3333
805 207 3334
808 210 3335
810 211 3336
813 214 3337
814 216 3338
817 220 3339
820 220 3340
823 223 3341
825 226 3342
828 228 3343
830 230 3344
833 233 3345
836 234 3346
839 237 3347
841 238 3348
844 241 3349
846 242 3350
849 244 3351
851 246 3352
854 247 3353
856 249 3354
858 251 3355
860 252 3356
863 255 3357
865 255 3358
868 258 3359
870 258 3360
873 261 3361
875 261 3362
877 263 3363
880 264 3364
883 266 3365
885 267 3366
888 269 3367
891 270 3368
894 272 3369
896 272 3370
899 275 3371
902 275 3372
905 277 3373
908 277 3374
911 279 3375
914 279 3376
917 281 3377
920 282 3378
923 283 3379
927 283 3380
930 286 3381
934 286 3382
937 288 3383
940 288 3384
944 290 3385
948 290 3386
951 293 3387
955 292 3388
959 294 3389
962 294 3390
965 296 3391
969 297 3392
973 299 3393
975 299 3394
978 301 3395
982 301 3396
985 303 3397
988 304 3398
991 306 3399
993 305 3400
996 307 3401
999 308 3402
1002 310 3403
1005 310 3404
1007 313 3405
1010 314 3406
1013 316 3407
1015 317 3408
1017 319 3409
1020 319 3410
1023 322 3411
1025 322 3412
1026 324 3413
1029 326 3414
1031 327 3415
1033 329 3416
1034 330 3417
1037 330 3418
1039 333 3419
1040 334 3420
1042 336 3421
1043 338 3422
1045 340 3423
1045 340 3424
1046 342 3425
1048 344 3426
1048 345 3427
1050 347 3428
1050 349 3429
1052 349 3430
1052 352 3431
1053 354 3432
1053 355 3433
1054 357 3434
1053 358 3435
1053 358 3436
1054 361 3437
1056 363 3438
1056 365 3439
1056 366 3440
1056 368 3441
1057 369 3442
1057 371 3443
1056 373 3444
1056 374 3445
1057 376 3446
1057 378 3447
1058 379 3448
1058 382 3449
1058 383 3450
1059 386 3451
1061 387 3452
1061 389 3453
1061 390 3454
1061 392 3455
1061 394 3456
1061 395 3457
1063 396 3458
1063 399 3459
1064 399 3460
1064 402 3461
1066 404 3462
1067 405 3463
1067 407 3464
1069 409 3465
1070 410 3466
1072 412 3467
1073 415 3468
1074 416 3469
1078 418 3470
1078 420 3471
1080 421 3472
1081 424 3473
1082 425 3474
1085 427 3475
1086 427 3476
1088 430 3477
1091 432 3478
1093 434 3479
1094 435 3480
1096 437 3481
1098 439 3482
1101 440 3483
1101 441 3484
1104 442 3485
1105 444 3486
1108 444 3487
1109 447 3488
1110 449 3489
1112 451 3490
1114 452 3491
1116 454 3492
1116 454 3493
1118 457 3494
1119 459 3495
1121 459 3496
1121 462 3497
1123 462 3498
1124 465 3499
1126 467 3500
1126 470 3501
1129 470 3502
1129 472 3503
1132 474 3504
1133 475 3505
1135 477 3506
1137 479 3507
1139 481 3508
1141 482 3509
1143 485 3510
1145 486 3511
1148 487 3512
1150 490 3513
1152 491 3514
1155 492 3515
1156 495 3516
1159 497 3517
1162 497 3518
1164 500 3519
1166 502 3520
1169 503 3521
1171 505 3522
1173 506 3523
1175 508 3524
1177 510 3525
1180 512 3526
1181 513 3527
1184 515 3528
1186 517 3529
1187 519 3530
1189 520 3531
1191 522 3532
1193 523 3533
1194 525 3534
1196 527 3535
1197 529 3536
1200 531 3537
1201 533 3538
1201 535 3539
1204 536 3540
1204 538 3541
1207 539 3542
1207 541 3543
1209 543 3544
1211 545 3545
1213 546 3546
1215 548 3547
1217 550 3548
1220 553 3549
1221 553 3550
1224 556 3551
1224 557 3552
1227 559 3553
1230 560 3554
1232 561 3555
1235 563 3556
1238 565 3557
1240 565 3558
1243 566 3559
1245 566 3560
1248 567 3561
1251 568 3562
1251 569 3563
1254 569 3564
1255 569 3565
1258 569 3566
1258 571 3567
1262 571 3568
1264 571 3569
1266 572 3570
1267 572 3571
1270 573 3572
1271 574 3573
1274 574 3574
1275 574 3575
1278 575 3576
1280 575 3577
1283 576 3578
1284 576 3579
1287 576 3580
1288 577 3581
1291 578 3582
1293 578 3583
1295 578 3584
1297 579 3585
1300 580 3586
1302 580 3587
1303 580 3588
1305 580 3589
1307 581 3590
1310 581 3591
1311 582 3592
1313 583 3593
1315 583 3594
1316 584 3595
1318 585 3596
1320 585 3597
1322 586 3598
1324 587 3599
1326 588 3600
1327 589 3601
1331 589 3602
1333 589 3603
1335 589 3604
1338 590 3605
1341 591 3606
1344 592 3607
1346 593 3608
1349 594 3609
1353 594 3610
1356 595 3611
1360 595 3612
1365 595 3613
1368 597 3614
1372 597 3615
1377 598 3616
1381 598 3617
1385 600 3618
1390 600 3619
1395 601 3620
1401 601 3621
1405 602 3622
1411 603 3623
1416 604 3624
1422 604 3625
1426 605 3626
1433 606 3627
1439 607 3628
1445 608 3629
1451 608 3630
1457 608 3631
1463 610 3632
1469 611 3633
1476 612 3634
1482 612 3635
1488 613 3636
1495 614 3637
1501 614 3638
1506 615 3639
1513 616 3640
1518 616 3641
1524 616 3642
1530 617 3643
1536 617 3644
1542 618 3645
1548 619 3646
1553 619 3647
1560 619 3648
1565 620 3649
1571 620 3650
1576 621 3651
1582 622 3652
1587 622 3653
1593 623 3654
1597 623 3655
1602 623 3656
1607 623 3657
1612 623 3658
1616 625 3659
1621 625 3660
1626 625 3661
1630 626 3662
1634 627 3663
1637 627 3664
1642 627 3665
1646 627 3666
1650 628 3667
1654 629 3668
1657 629 3669
1661 629 3670
1665 630 3671
1669 630 3672
1672 631 3673
1676 631 3674
1680 631 3675
1683 631 3676
1687 632 3677
1690 633 3678
1694 634 3679
1697 634 3680
1701 635 3681
1704 635 3682
1707 636 3683
1711 637 3684
1715 637 3685
1718 638 3686
1721 639 3687
1725 639 3688
1728 640 3689
1731 641 3690
1733 641 3691
1736 642 3692
1739 643 3693
1741 644 3694
1743 645 3695
1744 647 3696
1745 647 3697
1747 648 3698
1748 649 3699
1749 651 3700
1749 652 3701
1749 653 3702
1750 654 3703
1750 655 3704
1749 656 3705
1749 657 3706
1748 659 3707
1748 660 3708
1747 661 3709
1747 662 3710
1747 663 3711
1746 663 3712
1746 664 3713
1746 665 3714
1745 665 3715
1746 666 3716
1745 666 3717
1745 666 3718
1746 667 3719
1746 667 3720
1746 667 3721
1747 668 3722
1747 668 3723
1747 668 3724
1749 668 3725
1750 668 3726
1751 668 3727
1752 669 3728
1753 669 3729
1755 669 3730
1756 670 3731
1758 670 3732
1760 670 3733
1760 670 3734
1763 670 3735
1763 671 3736
1764 671 3737
1765 672 3738
1765 671 3739
1766 672 3740
1767 672 3741
1767 672 3742
1767 672 3743
1768 672 3744
1767 672 3745
1768 672 3746
1768 672 3747
1767 673 3748
1767 673 3749
1768 673 3750
1768 673 3751
1767 674 3752
1767 674 3753
1766 673 3754
1766 674 3755
1766 674 3756
1766 675 3757
1766 675 3758
1766 675 3759
1765 675 3760
1766 675 3761
1765 675 3762
1765 676 3763
1765 676 3764
1765 676 3765
1765 677 3766
1765 677 3767
1765 677 3768
1764 677 3769
1764 677 3770
1765 677 3771
1764 677 3772
1765 678 3773
1765 678 3774
1765 678 3775
1765 678 3776
1765 678 3777
1765 679 3778
1765 679 3779
1765 679 3780
1764 679 3781
1765 680 3782
1764 680 3783
1764 680 3784
1765 680 3785
1765 680 3786
1765 680 3787
1765 680 3788
1766 680 3789
1767 681 3790
1767 681 3791
1768 681 3792
1768 681 3793
1770 680 3794
1770 681 3795
1771 681 3796
1772 681 3797
1774 681 3798
1775 681 3799
1776 681 3800
1776 681 3801
1779 681 3802
1780 681 3803
1781 681 3804
1783 681 3805
1785 682 3806
1786 681 3807
1787 681 3808
1789 681 3809
1790 681 3810
1792 681 3811
1792 682 3812
1795 682 3813
1795 682 3814
1797 682 3815
1798 682 3816
1799 682 3817
1800 683 3818
1802 683 3819
1803 683 3820
1805 683 3821
1805 683 3822
1806 683 3823
1807 683 3824
1808 683 3825
1810 684 3826
1811 683 3827
1812 683 3828
1814 683 3829
1814 683 3830
1816 683 3831
1816 683 3832
1818 683 3833
1818 684 3834
1819 684 3835
1821 684 3836
1822 684 3837
1822 684 3838
1822 684 3839
1822 684 3840
1823 684 3841
1823 684 3842
1824 684 3843
1824 684 3844
1824 684 3845
1825 684 3846
1825 685 3847
1825 686 3848
1825 685 3849
1825 685 3850
1825 686 3851
1826 686 3852
1826 686 3853
1825 686 3854
1826 686 3855
1825 686 3856
1826 687 3857
1825 687 3858
1826 687 3859
1825 686 3860
1826 687 3861
1825 687 3862
1826 687 3863
1825 687 3864
1825 687 3865
1826 688 3866
1825 688 3867
1825 688 3868
1825 688 3869
1825 688 3870
1825 688 3871
1825 688 3872
1825 688 3873
1825 688 3874
1825 688 3875
1824 687 3876
1825 688 3877
1824 688 3878
1824 688 3879
1825 687 3880
1825 687 3881
1824 687 3882
1824 687 3883
1824 687 3884
1824 687 3885
1824 687 3886
1825 687 3887
1825 687 3888
1824 687 3889
1824 687 3890
1824 687 3891
1824 687 3892
1824 687 3893
1824 687 3894
1824 687 3895
1824 686 3896
1824 686 3897
1824 686 3898
1824 686 3899
1824 686 3900
1824 686 3901
1824 686 3902
1824 686 3903
1824 686 3904
1824 686 3905
1823 686 3906
1824 685 3907
1824 685 3908
1823 685 3909
1824 685 3910
1824 685 3911
1823 685 3912
1823 685 3913
1823 685 3914
1823 685 3915
1823 685 3916
1823 684 3917
1823 684 3918
1823 684 3919
1823 684 3920
1823 684 3921
1823 684 3922
1822 683 3923
1823 683 3924
1823 682 3925
1822 682 3926
1823 681 3927
1822 680 3928
1823 678 3929
1823 677 3930
1823 674 3931
1822 672 3932
1823 670 3933
1823 667 3934
1823 665 3935
1823 662 3936
1823 659 3937
1823 655 3938
1823 652 3939
1822 649 3940
1822 645 3941
1822 641 3942
1822 637 3943
1822 632 3944
1821 628 3945
1821 624 3946
1822 618 3947
1821 613 3948
1820 608 3949
1821 602 3950
1821 596 3951
1821 591 3952
1820 585 3953
1819 579 3954
1819 573 3955
1819 567 3956
1818 561 3957
1819 555 3958
1818 549 3959
1817 542 3960
1818 536 3961
1817 530 3962
1817 524 3963
1817 518 3964
1817 512 3965
1817 506 3966
1815 499 3967
1816 494 3968
1815 488 3969
1815 482 3970
1814 475 3971
1815 469 3972
1814 463 3973
1813 457 3974
1814 451 3975
1813 445 3976
1813 439 3977
1812 433 3978
1813 427 3979
1812 421 3980
1812 415 3981
1811 409 3982
1811 403 3983
1811 397 3984
1811 391 3985
1811 385 3986
1811 379 3987
1811 373 3988
1810 367 3989
1810 362 3990
1810 356 3991
1810 350 3992
1809 344 3993
1809 338 3994
1809 332 3995
1809 326 3996
1808 320 3997
1809 314 3998
1808 308 3999
1808 302 4000
1808 296 4001
1808 290 4002
1808 284 4003
1808 279 4004
1808 273 4005
1808 268 4006
1808 263 4007
1808 258 4008
1807 253 4009
1807 248 4010
1807 243 4011
1806 239 4012
1806 234 4013
1807 229 4014
1806 225 4015
1806 221 4016
1806 217 4017
1806 214 4018
1805 210 4019
1805 206 4020
1805 202 4021
1805 199 4022
1805 196 4023
1805 192 4024
1804 189 4025
1805 186 4026
1805 183 4027
1805 180 4028
1804 177 4029
1804 174 4030
1804 172 4031
1803 169 4032
1804 167 4033
1803 164 4034
1803 161 4035
1803 158 4036
1803 157 4037
1803 155 4038
1803 152 4039
1803 150 4040
1802 148 4041
1802 146 4042
1802 144 4043
1803 142 4044
1802 141 4045
1802 139 4046
1802 137 4047
1801 136 4048
1802 134 4049
1802 133 4050
1802 130 4051
1802 130 4052
1801 129 4053
1801 128 4054
1801 126 4055
1801 126 4056
1801 125 4057
1802 123 4058
1801 122 4059
1801 122 4060
1801 121 4061
1802 119 4062
1801 119 4063
1801 118 4064
1802 116 4065
1801 116 4066
1802 116 4067
1800 115 4068
1801 113 4069
1801 113 4070
1801 112 4071
1801 111 4072
1801 110 4073
1801 109 4074
1801 109 4075
1800 109 4076
1800 108 4077
1800 108 4078
1800 107 4079
1800 106 4080
